1	40300
4	4900
4	1500
7	900
7	1100
10	1300
10	700
13	1100
10	700
13	900
10	500
10	600
13	800
16	1000
13	800
13	800
16	900
16	1300
13	700
16	900
16	1300
13	1000
13	12600
19	3300
22	2200
13	1100
16	1300
13	5000
16	1100
16	2500
19	1300
16	1200
19	3400
16	1200
19	1300
16	1100
22	1900
19	1500
16	1200
19	1400
19	1600
19	1500
19	1400
19	1300
19	1100
19	1300
13	6300
16	1300
19	1200
13	2000
16	1200
16	1200
16	1200
16	2000
22	2100
19	3100
19	1400
19	1400
19	1400
19	1600
22	1800
19	1800
19	1800
22	1400
19	2700
19	1300
16	1200
22	1900
16	1200
16	1000
25	14300
16	900
16	700
19	600
19	600
16	300
22	400
19	500
19	400
19	300
25	400
19	500
19	400
22	400
25	500
22	400
22	400
19	1100
22	400
19	400
19	500
25	600
19	500
22	500
22	600
19	600
22	500
19	500
19	500
22	1800
19	600
25	600
19	600
19	500
25	600
25	500
25	700
19	500
22	600
22	1600
22	500
22	600
19	500
19	500
25	600
19	500
22	600
25	500
25	500
19	500
25	600
25	500
22	600
19	500
22	500
25	600
22	500
25	1700
25	400
22	500
28	600
22	400
25	600
25	500
22	500
22	400
22	400
19	500
22	400
19	400
22	500
22	500
22	500
28	600
22	500
22	600
31	700
28	500
28	600
28	600
25	500
22	600
22	700
22	500
19	600
28	600
22	1400
22	600
22	400
25	600
22	600
25	500
25	600
25	700
25	600
22	500
22	500
25	600
22	600
28	500
22	500
28	600
22	500
25	500
22	700
22	500
25	600
25	400
22	600
25	500
22	500
25	1000
25	600
25	600
28	500
22	500
22	600
22	600
22	500
22	500
22	500
25	600
22	400
25	600
22	400
25	500
25	500
25	600
25	600
22	600
25	500
28	600
22	500
25	1800
22	400
22	400
31	500
25	600
22	500
31	500
22	1200
22	500
28	600
22	500
31	600
28	600
28	600
25	500
28	600
28	600
22	500
28	500
25	600
19	500
22	500
25	600
31	600
25	1600
28	500
25	500
31	700
31	600
28	600
25	500
28	500
28	600
25	500
22	600
22	500
25	400
28	500
25	500
25	500
31	600
22	500
25	600
25	500
28	600
25	400
25	400
28	500
25	1400
31	400
22	500
28	600
25	1300
31	700
25	800
25	600
25	500
25	500
28	600
25	500
28	500
25	600
25	600
25	500
28	700
22	800
28	600
22	500
25	600
28	600
22	600
28	600
25	500
28	500
28	600
25	500
25	600
22	500
25	700
25	500
28	400
28	1700
28	700
25	400
28	600
25	600
28	600
25	500
25	600
31	800
28	600
22	500
28	600
25	600
25	600
22	500
25	600
25	600
28	500
28	500
25	500
22	400
25	500
28	600
25	700
25	700
31	1800
28	500
25	500
28	500
25	500
31	600
22	500
34	900
25	500
25	600
28	1300
25	500
25	500
28	400
28	600
25	500
25	500
22	500
28	600
28	500
25	600
25	600
25	600
28	1500
22	1200
25	500
28	600
28	500
25	600
28	600
28	500
28	600
28	700
31	600
25	500
31	1500
25	600
22	500
25	600
28	600
28	600
28	600
25	500
25	700
28	600
25	600
28	600
28	1500
28	500
22	500
34	700
28	600
25	500
28	600
28	600
25	500
25	600
25	600
25	700
25	1700
25	600
28	600
25	500
25	600
25	500
28	700
28	700
28	600
28	600
28	1700
25	600
28	500
25	500
31	700
25	2200
31	500
31	600
28	600
28	600
31	600
28	600
28	500
25	600
28	600
25	400
31	700
25	600
22	500
28	600
28	700
31	1100
28	700
25	600
28	600
25	600
28	600
31	700
28	600
25	600
28	500
22	500
28	600
28	600
28	700
28	600
25	400
25	500
28	600
25	500
22	500
31	600
25	600
28	600
25	600
31	600
28	600
31	700
28	700
28	600
31	600
28	700
28	600
25	600
31	600
34	500
25	500
25	600
28	600
25	500
28	600
28	600
28	400
28	600
25	600
28	700
28	600
31	900
28	500
31	600
25	600
31	600
28	1200
28	600
31	700
25	600
28	800
28	1500
25	500
28	600
28	600
22	600
25	500
25	600
25	600
28	600
25	600
31	500
31	1800
25	500
28	600
28	600
31	700
25	500
28	600
28	600
28	600
25	600
28	700
28	600
31	600
25	600
28	500
31	600
22	500
31	600
22	500
28	600
25	600
31	700
28	500
28	600
31	700
31	600
28	600
28	600
28	600
25	600
28	600
31	600
31	800
31	700
28	600
25	1500
28	600
25	900
28	600
31	800
25	600
31	600
25	600
28	700
31	500
34	3300
31	700
31	800
31	700
25	500
31	500
28	500
31	600
34	600
31	500
34	700
28	500
25	600
31	500
28	500
28	500
28	500
31	600
28	500
25	500
28	500
31	800
25	600
28	500
28	500
28	500
31	500
28	500
25	600
28	600
31	700
31	500
34	600
25	300
28	600
28	600
28	600
28	500
31	500
31	600
28	500
25	500
25	300
31	700
31	1600
31	700
34	600
25	500
31	500
28	500
28	1600
28	2400
28	700
31	700
28	700
28	600
31	900
31	600
28	800
31	700
28	800
31	700
25	600
31	600
31	700
28	600
28	700
31	800
34	2000
25	600
28	700
31	800
28	900
31	600
28	600
28	800
28	800
34	700
28	700
28	800
31	1600
34	700
25	700
25	700
28	700
31	600
31	600
28	600
28	600
31	700
28	600
28	9100
28	1600
28	600
28	600
31	600
28	700
28	500
31	600
28	500
31	600
31	500
28	600
31	600
31	700
31	600
28	600
31	700
28	700
28	600
34	600
28	700
31	600
31	600
25	500
28	700
34	700
25	600
31	700
31	800
28	600
28	600
25	500
28	700
28	500
28	600
28	600
34	1700
28	1000
31	800
34	700
34	600
28	700
31	600
28	4100
28	800
31	600
28	500
28	400
31	600
31	600
31	500
28	400
25	500
31	500
34	500
25	500
25	500
34	700
25	500
28	500
31	600
34	600
31	700
25	600
31	600
28	600
31	600
31	500
34	4500
31	1700
34	700
34	700
28	700
28	600
31	800
37	700
31	600
31	500
28	500
25	500
31	500
31	600
31	600
34	700
37	700
28	500
28	700
31	600
31	600
31	1400
28	500
31	600
31	600
28	600
31	500
31	600
34	900
21	500
31	600
28	700
31	700
28	600
31	700
31	800
28	600
31	700
34	600
28	600
34	700
28	600
34	700
34	1700
31	500
31	500
31	700
28	600
37	700
28	600
28	600
25	500
31	600
31	700
31	500
28	500
28	1400
28	500
25	800
31	600
34	600
31	600
28	700
28	400
37	700
34	600
31	600
25	500
34	600
31	700
31	600
28	600
31	600
31	600
28	500
28	500
28	400
34	600
31	600
28	500
31	600
31	700
25	600
34	700
31	500
31	600
28	600
31	600
31	700
31	600
37	800
31	600
34	600
25	600
28	600
31	600
31	600
34	700
28	500
34	600
31	500
28	600
31	500
31	600
28	600
34	4200
37	800
34	600
34	700
31	500
28	600
34	700
28	600
31	400
37	700
28	600
28	500
34	700
34	700
31	600
28	500
31	700
31	800
28	600
31	600
28	800
37	600
31	500
34	700
28	600
37	600
28	500
31	800
28	500
34	600
31	700
31	500
28	600
31	600
31	700
34	700
37	800
34	500
34	700
34	800
34	800
31	600
31	500
31	600
34	600
31	600
34	700
28	600
28	600
31	600
34	800
34	700
31	1500
31	700
28	500
34	600
28	500
28	600
31	500
31	600
31	600
31	600
40	900
31	600
34	1700
28	500
31	700
31	500
31	600
28	600
28	600
28	600
31	600
28	500
31	700
28	600
37	600
28	500
31	500
28	500
34	600
31	600
28	700
28	500
31	500
31	600
34	600
31	600
31	600
28	1800
28	800
31	800
28	600
28	600
28	600
34	700
31	600
31	600
31	500
28	500
31	600
34	1200
31	800
28	500
31	500
28	500
34	700
28	500
28	800
31	600
34	600
34	900
31	700
37	600
31	600
31	700
31	800
31	400
28	600
28	600
28	700
31	500
31	600
34	600
31	600
31	600
31	600
34	700
37	700
34	600
28	500
28	600
28	500
31	500
34	700
34	1700
34	600
31	700
34	700
31	500
31	600
28	700
34	600
34	600
31	600
37	600
34	600
34	500
31	700
31	500
31	600
31	600
34	600
31	600
31	600
31	500
25	600
37	700
34	1800
31	600
31	600
34	600
34	600
34	800
31	600
31	700
31	800
28	600
34	600
31	500
28	600
37	1000
31	700
28	600
31	800
25	600
28	800
34	500
28	500
28	600
31	700
25	500
31	700
31	500
34	600
28	600
31	600
28	600
37	700
28	600
31	600
37	600
34	700
37	1600
31	600
31	800
37	700
37	700
31	600
34	600
31	700
37	700
31	2100
28	600
28	600
28	600
40	700
34	700
34	600
34	700
40	700
28	600
28	500
37	700
37	1800
34	600
31	700
40	700
34	600
37	600
43	700
34	700
31	600
34	1700
31	500
31	600
34	600
28	500
25	600
34	600
28	600
37	600
34	700
37	700
31	600
31	700
31	500
25	500
37	700
37	600
34	600
34	700
34	600
28	600
40	700
37	600
28	600
34	600
31	1500
34	500
25	500
34	600
34	500
31	500
31	600
28	600
31	600
25	500
37	600
34	600
40	600
37	500
28	300
34	500
28	500
28	400
31	600
31	500
25	500
28	500
37	600
40	700
25	400
28	1600
25	600
31	500
31	500
31	500
37	600
34	600
28	500
37	500
28	500
31	600
34	700
31	500
31	1500
25	500
34	600
34	700
28	500
25	500
28	900
31	700
31	500
34	600
31	600
34	500
31	600
34	700
31	400
28	1200
34	700
34	900
28	500
34	500
28	700
28	500
40	700
31	500
25	600
28	600
34	600
37	700
37	600
31	600
31	500
31	600
34	700
31	500
40	700
34	600
34	700
37	700
25	500
34	600
28	600
34	700
37	700
31	500
31	700
28	600
34	600
31	600
40	1600
28	500
37	900
34	700
40	700
25	500
31	500
37	600
31	600
28	500
31	600
28	600
34	700
28	600
40	900
34	700
31	600
28	700
37	800
31	700
34	600
31	500
43	600
34	1500
37	500
37	700
31	500
37	700
28	400
34	500
37	500
31	600
37	600
25	500
37	500
37	1700
40	500
40	500
34	500
31	400
34	500
34	500
28	500
28	500
34	600
40	1100
37	1500
34	1300
28	800
25	400
28	500
40	800
34	500
34	400
31	600
37	500
28	800
34	700
31	1500
31	700
28	700
31	600
34	600
31	900
34	500
34	400
34	600
37	400
34	1300
43	500
34	600
28	600
31	400
40	600
25	700
37	600
31	400
46	700
31	400
37	1400
34	600
31	600
31	300
37	300
34	500
28	500
34	400
31	500
34	400
25	300
34	400
34	700
25	500
28	400
37	500
28	500
31	400
28	600
37	700
28	400
34	500
34	400
34	400
34	500
40	1200
31	500
37	500
37	400
34	500
34	600
34	500
34	400
34	700
31	500
37	500
31	500
28	300
40	400
28	300
31	400
40	500
31	300
34	500
34	400
31	600
28	700
28	400
28	400
25	300
25	400
31	400
28	400
31	600
34	600
34	400
31	700
40	500
34	500
28	500
34	400
37	300
40	600
34	500
34	500
31	400
37	400
28	300
34	400
34	600
34	400
31	400
37	400
37	1200
34	500
34	400
37	500
34	500
28	400
37	400
37	700
37	400
31	500
34	400
31	600
37	400
37	500
37	500
34	400
25	500
34	400
34	300
37	700
28	300
34	500
28	400
28	400
37	400
40	400
34	400
40	400
31	500
31	400
28	500
37	400
40	400
31	400
31	400
31	400
37	400
31	400
37	500
31	400
28	400
34	400
34	500
34	1300
31	500
34	500
37	500
31	600
34	600
28	500
37	500
31	700
37	600
37	600
31	700
34	600
43	2000
37	600
28	600
34	500
37	600
40	1000
34	500
34	500
37	600
28	500
34	500
40	700
37	800
34	500
34	600
31	700
31	500
31	500
28	600
37	500
31	500
31	400
34	1500
40	700
31	500
37	700
34	500
31	500
37	600
34	600
40	800
28	500
34	500
31	500
34	500
34	500
34	500
31	400
31	700
28	500
34	500
34	500
28	500
37	700
37	700
31	900
37	700
31	600
28	500
34	600
31	500
34	500
37	600
37	700
34	600
34	600
31	400
31	600
28	1400
31	400
31	600
28	500
34	600
34	700
34	700
34	500
34	600
34	500
34	700
31	700
31	500
31	600
37	1000
31	500
31	600
31	600
34	500
34	700
31	400
34	500
34	600
34	500
31	500
34	700
34	600
37	700
34	700
34	600
37	600
31	600
34	700
34	600
37	500
34	600
28	500
34	500
34	500
31	700
31	500
34	600
31	700
37	800
34	600
31	600
31	500
37	1800
34	500
34	600
34	600
31	400
37	600
31	500
37	600
34	900
28	400
28	500
31	600
28	500
34	700
28	500
31	600
34	600
31	500
34	500
37	700
37	600
28	600
37	600
31	700
34	600
34	600
31	600
34	800
34	700
37	600
37	500
31	600
34	600
34	600
31	800
40	1700
37	900
31	600
34	700
34	600
28	600
31	600
31	700
34	700
34	800
40	1800
31	600
34	700
34	600
37	600
31	500
31	600
37	700
37	700
37	700
28	500
34	600
31	1500
31	500
31	600
34	600
34	700
31	600
31	500
34	500
31	600
34	600
31	700
34	600
34	600
34	500
37	600
37	600
31	500
31	600
37	700
31	600
34	600
37	700
31	600
34	1600
34	600
34	800
31	600
34	600
34	500
37	700
31	600
31	600
31	600
31	700
34	600
34	1400
34	600
37	500
37	600
34	500
34	500
37	500
31	500
34	400
34	600
34	500
34	500
37	600
37	600
31	500
37	500
34	700
31	600
34	400
31	700
31	500
37	900
34	600
31	500
34	500
34	600
34	500
37	800
31	500
31	600
34	500
37	600
34	500
31	400
31	300
40	400
37	500
31	400
34	700
31	400
37	700
31	400
37	400
31	500
40	500
37	500
31	400
34	400
34	400
34	700
31	400
34	400
28	300
28	400
40	500
28	500
34	600
34	500
31	500
37	300
37	500
34	500
40	600
31	500
28	400
37	400
33	500
34	600
28	400
34	400
31	400
37	600
37	400
37	500
31	400
28	400
31	500
31	400
40	600
34	400
34	400
34	500
37	400
34	500
34	600
31	500
34	400
40	400
37	500
34	400
34	600
34	600
37	500
37	1400
37	400
34	400
31	500
34	500
37	600
34	500
34	400
37	400
31	400
31	400
37	1400
31	400
37	500
34	500
31	300
34	400
34	400
28	400
40	600
31	400
34	500
37	600
34	400
31	400
34	400
28	400
34	600
37	500
31	400
37	400
37	500
31	600
37	500
40	500
40	400
40	600
31	600
34	700
37	400
34	400
34	400
40	500
31	500
37	500
28	400
28	400
34	400
34	300
31	400
37	400
37	400
34	400
34	500
34	400
34	400
31	400
31	500
37	500
31	1100
28	400
34	400
37	500
34	400
34	500
34	400
37	400
40	600
34	500
31	400
40	300
34	400
34	400
31	300
34	400
34	300
31	400
37	400
34	400
37	400
37	500
34	400
31	400
34	500
37	400
34	400
34	400
37	400
34	400
34	600
34	400
37	400
37	500
34	400
37	600
31	500
37	400
28	400
28	400
37	400
40	400
34	500
40	500
40	400
31	400
31	1100
31	400
37	500
31	400
31	400
31	500
37	400
34	400
34	300
37	500
31	400
37	400
37	400
31	400
31	400
28	400
34	500
31	500
31	400
34	400
34	400
40	300
37	400
34	500
34	500
34	1500
31	400
34	400
34	400
34	400
31	400
40	500
31	400
43	500
31	500
34	400
34	500
37	500
31	400
34	400
37	400
34	400
34	400
34	400
34	400
37	400
31	400
31	500
37	400
31	500
31	400
28	400
34	500
31	300
34	400
28	300
34	400
31	400
34	400
40	600
34	400
31	400
34	500
40	500
28	400
34	400
31	400
34	400
37	500
37	500
34	500
34	500
31	500
34	600
31	300
34	400
37	400
40	500
34	400
34	400
34	500
31	500
31	600
40	400
37	400
31	500
31	1200
31	500
34	400
34	400
34	400
34	400
31	400
37	500
34	400
37	400
37	400
40	11300
34	500
34	1300
31	500
34	500
34	500
37	600
34	500
37	600
37	600
34	600
37	800
40	500
37	500
34	400
37	500
37	500
31	500
31	500
37	600
40	500
31	800
34	500
34	500
31	700
34	600
31	1900
37	500
37	500
28	500
31	700
37	500
40	600
34	500
37	500
37	800
34	500
34	1200
34	500
34	400
31	400
31	400
37	400
34	400
34	400
31	400
31	400
31	300
37	400
34	500
34	1300
31	600
34	400
34	400
34	500
34	400
34	400
34	400
34	400
31	400
37	400
31	1300
37	400
37	400
37	500
31	400
34	500
34	400
34	400
40	500
34	400
37	400
31	400
31	500
34	400
34	400
34	400
31	500
40	500
31	500
28	400
31	300
40	1400
34	400
34	500
37	700
34	400
34	500
34	500
37	400
37	400
34	1400
31	400
31	400
37	400
34	400
31	400
34	400
34	500
34	400
37	400
37	500
31	400
37	400
37	1300
34	400
37	600
31	400
34	400
34	500
34	400
31	400
34	500
28	400
40	600
31	400
37	700
34	1200
37	500
34	400
40	600
37	400
31	400
37	400
34	400
37	400
31	400
34	500
40	500
34	300
37	400
34	400
34	500
37	500
34	500
31	400
31	300
34	500
34	400
40	500
34	400
34	500
31	400
40	400
34	500
37	400
34	500
37	400
34	400
37	300
31	400
37	500
37	500
34	500
34	400
31	400
31	500
37	400
34	400
34	400
34	400
40	1400
34	400
37	500
28	500
34	600
34	600
40	600
31	700
34	600
37	600
31	500
34	600
31	1600
37	600
34	600
34	500
37	600
40	500
31	400
37	500
34	600
34	400
34	400
34	500
34	400
34	500
37	600
40	400
37	400
37	400
37	400
31	500
37	500
37	400
37	400
37	400
37	500
37	400
37	400
37	500
37	400
34	400
37	700
34	600
34	400
40	500
31	300
40	500
37	400
33	400
37	400
43	500
28	400
37	400
31	500
37	400
40	400
37	400
34	400
34	400
31	400
34	400
34	500
37	400
34	400
34	400
37	400
34	400
34	400
37	400
34	400
34	400
31	400
37	500
37	500
40	500
28	400
34	400
34	400
34	400
31	300
31	400
37	400
31	400
40	1400
31	400
34	400
28	400
37	400
34	500
40	600
37	500
34	400
31	400
40	500
37	400
37	1500
34	400
40	400
34	400
37	400
31	400
37	500
43	400
34	300
37	500
34	400
40	400
43	1200
31	400
34	400
28	400
37	400
40	400
37	400
37	400
34	300
34	400
37	400
43	500
34	400
34	400
37	1100
31	400
37	600
31	400
34	300
34	400
31	400
37	500
37	500
37	400
37	500
37	700
40	500
43	500
40	400
34	500
37	500
40	400
31	400
34	400
37	400
34	400
31	400
34	500
37	500
31	400
43	400
37	400
40	500
34	400
43	500
34	400
31	400
34	400
34	400
34	1200
40	500
40	400
34	500
37	400
40	400
34	400
34	400
34	400
37	400
34	400
37	400
34	500
43	1400
31	400
31	600
37	500
40	400
34	400
37	400
37	400
40	400
34	300
31	400
34	400
37	400
40	300
40	400
34	400
34	400
37	400
34	400
34	400
31	400
43	400
37	400
34	600
34	400
40	500
37	400
34	1100
37	500
28	400
40	400
34	500
37	400
40	400
40	600
37	900
37	400
37	500
37	400
40	400
34	400
37	500
37	400
34	400
31	400
28	400
34	400
34	400
37	400
28	1500
34	400
37	600
34	400
37	500
34	400
31	400
40	500
37	400
34	400
31	400
37	1200
40	400
34	500
31	400
34	500
43	500
40	500
34	400
37	400
37	600
34	500
37	400
34	400
37	400
34	400
28	300
37	400
37	500
37	700
37	500
40	400
34	400
37	400
34	400
31	9400
40	700
34	400
40	500
34	400
31	400
40	1400
31	700
28	300
40	400
37	500
34	400
34	500
34	400
40	700
37	500
34	1300
31	400
43	500
43	500
34	500
34	400
46	500
37	500
34	400
40	500
28	400
46	400
34	400
37	400
37	400
31	400
31	300
37	600
37	400
43	400
37	400
46	500
43	1600
37	400
37	500
31	400
34	300
31	400
37	400
37	400
31	400
37	400
37	400
37	400
37	500
37	400
34	400
43	400
37	600
43	500
37	500
40	500
37	400
34	400
34	400
34	300
34	400
43	600
37	400
31	300
34	400
37	400
37	400
37	700
34	400
28	400
31	400
37	300
37	400
34	500
46	500
34	400
37	400
34	400
34	400
43	500
28	500
34	500
34	500
37	500
43	700
40	500
43	400
40	500
37	500
40	500
31	400
40	4800
28	300
34	400
31	1400
31	500
37	500
37	500
40	500
31	400
34	300
40	600
46	500
40	700
31	400
37	400
34	400
31	400
34	500
43	600
31	400
37	600
34	400
37	400
43	500
34	500
40	600
28	500
40	700
34	400
43	400
31	500
34	600
40	600
40	500
43	400
34	600
31	500
37	700
40	600
31	700
40	500
37	600
34	700
28	700
28	700
28	600
43	700
31	500
37	500
31	400
34	800
37	900
31	600
34	600
37	600
34	600
40	700
43	600
34	500
31	500
34	600
43	800
37	500
37	600
40	500
40	600
40	500
37	600
37	400
37	500
37	600
31	500
34	700
34	300
34	500
37	500
37	700
37	800
37	800
40	700
34	500
31	800
28	500
31	700
31	700
34	600
37	600
31	500
31	500
37	500
31	700
31	800
34	700
34	500
40	700
37	600
34	600
34	1800
37	2800
31	900
34	800
37	1100
43	2700
40	800
40	700
37	900
34	800
40	1000
43	900
37	600
31	900
34	1700
37	800
46	1000
40	900
40	800
40	600
37	600
37	900
40	800
34	800
49	1800
31	500
37	1000
37	800
37	800
31	700
28	600
37	800
34	800
31	700
37	800
43	700
37	600
34	600
37	600
37	700
31	400
40	600
40	700
34	500
28	400
31	400
34	400
37	500
31	500
37	400
34	400
37	700
40	600
34	300
37	500
37	500
31	500
43	600
37	500
43	500
40	600
34	500
40	500
37	800
37	400
34	500
37	600
37	800
37	1300
34	700
34	500
37	300
34	400
37	600
37	800
43	600
34	500
40	500
37	500
34	800
34	600
37	400
37	600
40	500
37	900
40	300
37	400
40	500
40	600
34	500
37	400
34	300
40	800
37	500
37	500
28	900
31	500
40	500
34	700
37	300
37	400
40	400
37	600
34	600
43	1300
37	400
43	400
37	400
34	500
43	400
31	400
31	400
37	400
31	400
34	500
46	400
37	400
37	300
34	400
37	400
34	400
34	500
43	300
43	400
43	500
34	500
37	500
40	400
34	400
31	1300
37	500
34	400
40	700
37	300
31	300
34	400
40	700
40	700
37	500
43	500
43	600
40	400
37	400
34	400
40	500
40	600
28	400
37	700
37	600
34	500
40	500
34	500
40	600
34	500
34	1000
34	500
37	500
37	500
37	600
40	600
34	900
34	700
31	300
37	900
40	500
37	400
40	400
43	400
37	400
37	400
37	400
37	400
34	500
31	700
37	400
40	400
37	500
31	400
37	300
40	700
40	300
31	400
40	400
43	500
37	600
31	500
37	400
34	500
37	400
37	300
37	400
37	400
40	400
31	600
31	300
37	400
31	400
28	400
37	500
37	400
37	600
43	500
37	1300
28	400
37	500
40	400
40	400
37	500
40	700
40	500
34	500
34	300
34	400
37	600
34	400
34	400
34	400
43	500
46	500
40	400
34	600
34	400
40	400
34	400
46	400
37	300
40	600
34	600
37	500
40	400
37	1400
40	400
37	500
34	500
43	500
34	400
31	400
40	500
34	500
34	600
37	400
37	400
37	400
40	800
40	500
40	700
31	400
43	400
34	400
37	600
46	400
43	1400
37	700
37	600
37	500
37	400
40	500
34	400
34	400
34	400
31	400
37	400
34	400
40	600
34	400
40	400
43	500
40	400
34	400
40	500
43	500
37	400
37	800
37	400
37	300
31	400
34	400
34	400
34	300
37	400
37	400
43	400
40	600
37	400
37	500
43	400
40	400
31	700
34	400
37	300
31	500
43	600
40	500
31	500
40	500
31	500
40	500
37	500
40	400
46	400
34	700
37	500
34	500
31	400
43	700
34	500
40	600
34	500
43	600
31	1600
34	500
43	800
43	500
34	400
31	400
40	700
31	600
37	400
34	400
37	400
34	600
43	2000
34	500
40	500
31	500
37	500
40	600
37	400
37	600
37	500
34	400
34	500
40	400
40	400
31	500
43	1300
34	600
34	600
34	400
28	500
31	400
40	400
37	500
37	500
37	500
37	300
37	400
37	500
34	500
37	700
34	500
37	500
31	500
34	400
37	500
43	600
37	400
31	500
34	500
43	500
34	500
34	500
37	500
43	500
37	500
37	500
34	600
37	400
37	400
34	400
34	400
34	400
31	500
34	400
43	500
31	500
37	400
34	400
28	400
37	600
34	500
34	600
37	500
31	700
40	1800
37	500
37	700
34	500
34	600
37	500
40	700
40	500
34	600
28	500
40	600
43	500
37	1400
37	400
34	500
43	900
28	500
40	600
40	700
34	500
34	500
37	500
31	700
31	500
34	1600
43	800
34	600
37	600
40	600
31	500
37	500
40	500
37	600
37	500
34	500
37	500
43	700
40	600
40	500
34	600
40	600
34	600
43	600
40	500
40	500
34	600
40	7800
37	800
40	600
40	500
40	600
43	800
40	700
34	500
40	500
37	400
37	400
43	1400
43	600
40	500
37	400
40	500
34	500
43	500
40	400
43	400
31	400
37	600
34	500
31	1400
40	400
34	400
34	500
43	500
40	400
34	400
37	400
34	400
46	600
40	400
34	400
40	500
28	400
37	500
34	500
34	300
40	400
31	400
40	500
40	400
40	400
37	300
37	1100
34	400
34	300
37	400
37	600
37	400
34	500
43	400
34	400
34	400
34	400
37	400
40	400
34	1300
40	500
28	400
37	400
34	400
43	400
40	400
34	400
37	400
37	400
40	300
37	400
40	500
37	400
37	400
34	400
34	400
37	500
37	400
31	700
43	600
37	400
40	400
37	700
34	400
43	300
34	400
40	400
37	300
37	400
37	300
40	400
37	400
40	400
34	500
37	400
43	500
34	400
37	400
37	500
31	400
34	400
34	400
37	400
40	500
34	400
43	400
40	600
37	500
40	1300
40	400
43	600
34	400
40	500
37	400
49	500
34	400
37	500
40	500
40	500
40	400
34	400
37	400
34	400
37	400
31	300
37	300
37	400
43	400
34	500
40	400
34	400
37	300
34	400
37	400
40	400
37	400
37	400
34	400
37	400
43	400
34	400
37	500
37	700
43	600
37	400
37	400
40	800
37	300
30	400
31	500
37	500
37	500
40	400
40	400
37	400
43	400
37	300
37	400
43	400
43	400
40	400
31	400
37	400
40	400
46	1200
37	400
43	500
34	300
34	400
37	400
34	400
40	400
37	400
34	400
34	500
31	400
37	500
31	400
37	400
34	400
34	600
40	400
31	300
43	400
40	400
40	600
43	400
37	400
40	1300
34	500
34	400
34	400
37	400
37	300
37	300
37	500
40	400
40	3700
34	500
34	300
31	400
34	400
40	500
37	400
37	400
34	300
43	400
34	600
43	500
43	600
34	700
34	400
34	1100
37	400
37	300
34	400
37	400
37	400
37	500
31	600
34	600
34	600
37	500
43	1700
34	500
40	700
40	500
40	800
37	400
40	500
34	500
31	600
37	500
37	900
31	400
37	600
40	700
37	500
34	600
37	600
40	500
37	700
34	500
34	700
37	500
34	400
43	1600
40	400
34	500
34	500
37	400
31	500
34	400
34	500
34	400
40	500
40	500
37	600
37	500
31	600
40	500
37	400
37	700
34	400
37	600
46	500
34	600
34	400
37	600
37	700
31	400
34	500
37	500
34	600
40	600
43	500
37	600
37	800
34	500
43	600
40	600
37	1600
43	600
34	500
46	600
37	500
34	800
37	500
37	600
43	700
34	600
34	600
37	600
37	700
37	600
40	600
34	600
34	600
30	600
40	500
31	500
40	400
37	700
37	500
37	600
31	600
40	600
37	500
37	500
37	500
34	500
31	400
37	700
40	500
34	400
40	600
40	1600
37	500
37	500
34	400
37	600
34	500
40	600
37	600
34	400
31	500
34	500
31	500
37	500
40	1500
43	500
34	500
37	400
37	600
37	500
40	400
37	600
34	500
37	600
37	500
37	500
37	500
34	500
31	700
31	600
37	500
34	600
40	500
37	500
34	500
40	700
43	900
34	600
40	700
37	1600
34	600
40	700
40	500
37	600
31	600
34	700
37	500
40	700
37	500
37	700
37	600
37	700
43	1800
40	600
43	700
40	800
40	600
34	600
37	800
34	600
34	500
40	400
43	600
37	800
37	500
43	500
31	700
34	700
43	500
43	600
31	600
43	600
34	700
43	600
40	600
34	600
40	300
34	500
40	500
37	600
43	700
34	500
40	600
34	600
37	700
34	500
37	500
34	500
34	600
37	500
34	400
37	400
37	600
43	700
34	600
43	600
40	600
37	600
37	600
43	800
37	500
37	600
31	600
37	500
40	700
40	700
40	600
34	600
37	700
31	600
43	700
34	400
34	700
37	600
43	600
34	600
34	500
43	600
34	600
40	600
37	700
37	600
31	600
43	700
34	600
37	600
37	400
40	600
40	900
31	500
34	400
37	400
40	500
40	500
37	600
34	12500
34	1000
31	2400
34	800
43	700
43	800
34	900
34	900
37	1100
40	700
43	700
37	800
37	600
34	1700
37	600
43	800
31	500
34	600
34	600
40	600
37	700
31	500
37	600
31	600
43	800
40	800
37	600
31	700
40	700
37	800
37	500
43	600
34	600
34	400
40	600
40	500
34	700
31	600
37	400
34	500
40	700
46	700
40	500
43	500
40	400
37	600
37	700
40	800
37	300
34	400
37	500
37	400
40	500
31	600
37	400
37	500
37	500
37	700
34	400
40	500
37	500
40	700
43	500
37	500
40	800
40	600
40	500
34	600
43	600
34	400
40	300
31	500
37	700
34	400
34	400
40	500
34	500
31	400
34	600
37	500
34	300
40	400
43	400
40	500
34	1300
34	400
46	500
37	400
31	600
34	500
31	400
37	600
37	400
34	400
34	600
34	400
37	400
40	1200
40	600
40	500
34	500
37	400
40	400
37	400
37	500
40	300
40	300
40	400
31	400
37	400
40	600
43	400
34	400
34	500
40	500
37	700
40	400
40	300
34	700
37	400
37	500
40	500
40	400
37	400
37	500
37	500
34	400
31	500
34	300
37	400
43	500
34	400
34	400
31	1200
40	500
37	500
31	500
37	500
37	700
37	400
34	500
43	500
37	1200
37	400
37	500
43	400
40	500
34	400
37	500
40	400
37	500
37	500
37	1400
40	500
31	400
40	400
40	400
31	400
37	400
34	400
37	400
37	600
34	500
40	400
34	400
40	700
37	500
40	400
37	300
40	500
37	500
37	400
34	400
34	500
34	1100
34	400
40	400
40	600
34	400
37	500
40	400
40	400
40	400
43	400
37	500
37	600
40	500
40	1400
37	400
37	500
43	500
37	400
37	600
37	400
34	500
30	400
40	500
43	500
34	1400
34	600
40	600
40	500
34	500
40	600
37	600
34	400
37	500
43	500
43	600
37	500
37	600
40	400
37	500
37	500
37	600
37	600
34	600
34	600
43	700
37	500
46	500
34	1500
34	500
43	800
34	500
40	500
40	500
43	600
37	900
34	500
40	400
40	500
37	1300
43	700
37	600
34	600
37	600
31	500
31	500
34	400
37	600
37	500
37	1400
37	500
40	700
34	500
40	600
37	600
40	500
37	700
40	500
40	2000
40	400
36	300
37	400
37	500
40	400
37	500
49	500
34	500
34	400
34	1200
43	500
37	400
37	600
40	400
34	300
31	300
37	400
43	600
40	500
40	500
37	600
40	500
37	500
37	300
37	400
37	400
34	400
40	400
40	400
40	400
37	500
37	400
34	500
40	400
40	400
34	400
37	400
34	800
34	500
46	600
43	600
37	400
34	300
37	500
34	500
40	400
43	1500
37	500
40	500
37	500
43	400
40	600
37	400
37	400
43	600
31	400
40	400
40	1200
46	600
40	400
31	700
34	500
40	400
31	300
37	500
34	400
40	400
37	400
43	500
40	400
37	400
40	400
31	400
37	700
37	400
40	500
37	400
37	400
37	1200
34	400
37	500
40	500
43	400
34	400
40	400
37	400
46	400
40	500
40	500
40	400
37	1200
43	500
37	400
37	400
37	500
31	500
43	400
34	400
37	400
37	400
40	500
34	400
37	400
40	400
37	500
40	400
40	400
43	400
40	400
37	400
37	400
40	400
37	400
37	400
37	400
43	400
34	400
37	400
37	600
37	400
37	600
37	400
34	300
40	300
34	400
31	400
40	500
37	400
37	400
37	400
37	300
40	500
37	400
40	500
40	400
37	400
34	400
40	500
37	400
40	400
43	400
40	300
43	500
40	600
31	400
40	400
46	500
33	47000
43	1000
31	800
40	900
37	5900
37	2300
34	1000
34	1000
34	1600
40	1400
37	1100
34	1200
40	1100
40	1100
40	1100
40	1600
37	1400
34	1300
34	1300
31	2300
40	1200
34	900
40	1500
37	1400
37	1000
34	1100
31	1100
37	1000
37	1300
37	1100
40	1600
40	2300
43	1200
31	1100
37	5800
40	1200
43	1700
40	1400
37	1100
37	1300
37	1300
43	1200
37	1300
40	1200
40	1300
43	1400
37	1400
31	1200
37	1200
40	1200
34	1200
43	1300
34	1000
37	1200
34	1000
46	1400
43	2600
37	1400
31	1000
40	1100
40	1300
40	1800
37	1100
40	1200
40	1200
43	1200
34	1100
43	1400
43	1300
34	900
34	1000
40	1000
34	900
37	1000
34	1100
43	1600
37	1200
37	1200
37	1700
30	1000
37	1400
46	1200
37	2400
37	1100
37	1400
43	1400
40	1300
37	1000
37	1300
36	1000
37	1300
37	1200
37	1000
37	1200
37	1200
34	1000
37	1200
37	1100
37	1200
37	1500
40	1200
31	900
31	1100
37	1300
34	1000
37	1100
46	2100
37	1300
43	1500
40	1300
40	1300
40	1200
43	1200
40	1700
40	1600
37	1000
34	1000
40	1500
37	1200
43	5800
34	1300
37	1900
37	1200
31	900
34	1000
43	1200
46	1600
37	1200
37	1200
43	1100
40	1500
40	1500
37	1000
37	1100
40	1200
40	1200
37	1000
37	1100
34	1300
34	1100
37	1300
34	2000
40	1200
33	1100
43	1300
40	1400
40	1300
34	800
37	1300
40	1400
40	1400
37	2300
46	700
37	600
31	500
34	600
31	700
43	900
43	700
40	600
37	700
37	600
37	500
37	600
37	1500
40	600
37	700
40	700
37	800
43	600
37	600
37	500
37	400
37	600
40	500
40	400
34	500
46	600
37	400
43	500
37	500
43	500
40	500
40	500
40	500
37	500
34	500
31	400
43	1400
34	600
43	800
37	500
37	500
37	400
37	400
46	500
46	500
40	400
40	400
40	400
40	600
40	500
34	500
43	500
46	400
37	500
34	400
40	400
40	700
34	400
31	500
43	400
37	900
37	500
37	700
40	500
34	500
37	500
37	500
40	600
40	600
37	600
37	500
37	500
40	500
46	1200
37	500
34	500
43	500
40	600
37	500
46	500
40	500
40	600
34	400
40	400
37	1300
37	500
40	400
34	400
43	600
31	500
37	500
37	400
40	500
43	600
34	400
40	500
40	400
40	1200
46	600
31	400
34	400
37	500
34	400
34	400
43	400
34	400
37	400
43	600
37	500
40	400
37	400
37	500
37	400
40	500
40	400
37	400
40	600
34	400
40	500
34	500
37	600
37	500
40	500
37	500
37	400
40	500
40	400
34	400
34	400
37	400
37	500
34	300
40	500
37	500
37	400
37	400
37	400
40	400
37	400
37	500
37	500
43	500
37	400
40	700
34	500
34	400
40	400
40	400
37	400
34	600
37	400
37	500
40	500
34	400
37	700
37	500
37	700
40	600
40	600
40	500
34	600
37	500
34	700
37	500
34	500
43	600
34	700
37	600
40	500
34	700
43	700
37	500
40	400
43	700
37	500
40	500
37	500
40	500
37	700
37	600
40	700
40	1600
37	500
37	600
37	600
40	600
37	600
34	700
37	600
37	600
40	500
40	700
34	700
43	1500
34	700
37	600
37	500
34	600
37	600
37	600
37	500
37	500
34	600
37	600
40	700
43	1600
37	600
34	500
37	500
40	600
34	500
31	600
40	500
37	700
37	700
37	500
40	300
37	700
43	600
37	500
40	600
37	600
43	700
34	600
40	600
40	600
37	600
40	1800
40	700
34	500
46	600
46	600
40	500
31	600
40	600
34	600
37	500
34	500
34	500
37	600
43	700
37	500
31	400
40	500
40	500
40	700
37	500
43	600
37	600
37	500
43	500
37	1400
34	700
43	500
37	600
31	500
34	600
37	700
34	600
43	700
40	600
40	600
34	700
46	800
40	500
37	700
34	600
34	600
40	700
40	700
37	700
34	600
40	600
43	600
31	500
37	500
37	600
40	600
37	600
43	600
37	500
37	600
40	700
40	500
43	600
37	1600
37	700
40	600
43	700
37	600
34	600
43	700
40	700
43	1000
34	600
43	700
34	1500
34	700
37	500
40	600
34	600
40	600
37	600
37	700
40	600
37	500
37	500
34	500
34	500
40	1500
40	8300
37	600
37	700
43	800
37	700
34	600
37	600
43	700
46	700
37	700
40	600
37	800
37	700
40	700
40	600
40	800
37	500
37	600
40	600
37	700
37	700
37	800
37	500
40	1600
34	600
34	600
37	900
37	700
43	600
34	700
40	600
46	700
37	600
49	1700
37	600
37	600
37	800
37	800
37	600
46	600
37	600
40	600
34	900
37	700
40	700
37	1500
31	700
34	600
37	700
43	600
40	700
40	600
34	500
37	600
37	700
37	500
37	700
40	600
40	600
37	600
43	800
43	700
34	500
40	600
37	500
40	600
37	600
46	900
40	600
40	600
43	700
37	600
40	700
37	700
31	300
40	600
31	700
37	700
37	600
34	600
34	500
40	600
37	800
46	700
34	500
37	800
40	600
37	600
30	600
34	600
37	600
40	500
31	600
40	700
37	600
40	600
40	600
43	800
34	800
31	600
43	800
31	500
34	700
40	600
39	600
34	600
34	400
40	600
37	600
40	1400
43	700
40	600
46	700
40	600
40	900
43	700
34	600
31	500
40	700
34	700
34	700
31	700
37	600
34	500
34	500
40	600
40	500
34	500
40	600
37	400
31	500
49	600
37	1500
43	600
37	500
43	600
37	600
40	800
37	500
34	500
39	1000
37	600
34	500
37	500
37	500
40	1700
43	500
40	500
40	600
37	600
37	400
37	500
40	600
34	600
34	600
40	500
37	500
40	600
40	600
43	500
40	500
40	800
37	600
37	500
37	700
40	700
34	800
40	500
43	1700
43	600
37	600
34	700
37	700
43	700
40	700
43	600
37	700
37	600
34	500
40	600
40	600
37	600
40	600
43	500
34	500
40	600
40	500
37	700
40	600
37	500
40	500
31	500
34	600
31	600
40	1400
43	700
40	700
37	700
43	700
40	500
43	600
40	600
40	600
31	800
40	800
40	500
37	600
40	700
37	600
37	700
43	600
40	600
46	700
37	900
40	600
37	800
37	400
34	600
40	600
37	500
40	500
43	700
37	600
37	600
37	600
40	600
37	500
40	1600
37	800
34	500
40	500
37	700
40	500
37	600
40	600
46	600
34	700
43	600
37	700
43	600
40	700
34	600
37	600
37	700
37	600
37	700
40	600
43	900
37	700
37	600
43	600
46	700
43	1600
37	600
37	600
37	500
37	600
34	600
37	700
40	600
46	600
37	600
40	600
37	500
37	600
40	800
40	700
37	500
37	500
37	500
40	500
43	600
46	600
34	600
34	600
40	500
37	500
37	500
40	600
37	600
40	500
34	700
43	700
40	500
40	600
31	600
37	1500
40	700
37	700
40	600
34	600
37	600
40	500
37	600
43	700
37	600
37	600
43	600
40	600
40	600
40	1500
34	600
31	500
40	600
34	600
43	600
43	500
40	600
43	600
40	700
43	500
37	700
37	600
34	500
37	600
37	600
37	800
40	600
37	500
40	600
43	800
37	600
37	10900
40	600
43	700
34	600
43	1600
37	600
37	800
43	1400
43	800
43	600
37	600
37	600
40	700
40	700
37	600
37	500
34	500
40	600
43	700
40	700
40	900
43	600
40	900
40	600
40	700
43	900
37	700
40	700
43	800
40	700
43	600
43	800
43	700
37	500
37	800
37	700
37	600
40	1500
34	600
37	600
43	700
40	800
34	600
37	900
49	700
40	800
43	800
40	1600
43	600
43	700
40	500
40	600
40	800
37	700
34	700
34	700
43	700
34	600
40	800
34	500
40	600
43	700
40	600
40	700
43	800
40	500
49	900
37	600
40	700
37	800
34	700
40	600
37	700
43	1700
40	700
43	700
40	500
37	700
40	600
37	600
37	600
40	600
40	1600
31	800
43	700
34	800
40	1100
40	800
43	800
37	600
43	800
37	600
34	1000
37	1600
40	900
49	900
43	800
40	600
37	700
43	800
37	600
34	600
40	800
40	600
42	700
43	700
46	600
40	600
40	700
40	800
43	600
43	700
34	800
40	500
40	700
40	900
37	1700
40	500
42	700
43	600
40	1300
37	600
37	400
43	600
31	400
43	500
40	500
40	400
37	400
37	500
31	800
40	600
31	500
43	400
37	700
43	600
37	500
31	500
37	500
37	500
40	500
37	600
37	1200
43	500
43	3100
40	400
40	600
34	500
46	800
43	600
34	400
40	600
37	1400
37	600
31	600
34	500
40	600
37	600
40	500
37	500
40	500
43	800
40	500
43	500
37	500
40	400
34	800
46	1000
43	600
34	700
40	400
40	600
34	500
37	500
40	500
37	600
40	500
37	500
43	500
34	600
37	500
43	600
40	500
37	500
46	600
40	500
43	500
40	1300
37	600
37	400
40	800
34	700
37	400
31	700
37	400
40	500
40	500
40	400
40	1500
46	500
46	500
37	500
43	600
37	400
40	500
40	500
40	600
40	400
37	400
37	400
40	1400
43	700
37	400
40	500
40	600
43	600
34	400
37	700
34	500
34	600
43	500
34	1200
37	400
37	400
40	500
40	700
43	400
43	500
43	500
37	400
43	600
37	400
34	500
37	500
37	600
37	500
40	600
46	500
46	500
43	500
37	600
37	500
37	500
37	500
43	1400
37	500
37	400
40	500
37	700
37	700
43	500
43	400
34	400
37	500
40	800
40	600
37	600
40	600
43	500
40	500
43	400
40	600
37	400
34	400
40	500
40	500
37	1200
34	700
43	500
37	500
40	400
40	400
40	400
43	500
37	500
37	400
37	400
37	400
37	400
37	700
34	300
37	600
43	600
37	400
43	400
40	500
31	400
46	500
43	700
34	600
40	400
43	400
31	400
43	400
40	600
31	400
43	500
40	400
37	600
40	400
37	400
34	500
34	400
40	400
43	400
40	500
37	500
43	700
37	600
37	600
40	600
43	600
40	600
40	400
43	500
46	1100
37	600
37	600
46	600
40	500
37	400
43	500
43	400
37	400
37	400
40	400
37	500
43	1200
43	800
46	600
37	500
49	500
37	400
43	500
43	400
37	500
34	400
31	400
43	400
37	600
43	600
40	400
37	400
46	400
43	400
43	500
37	500
40	400
37	500
34	600
46	1400
37	400
40	600
43	500
37	400
37	500
34	500
43	700
49	400
40	500
40	500
40	500
37	1200
37	600
46	500
43	400
34	400
37	600
34	400
40	400
43	500
40	1200
34	500
46	600
37	400
46	400
34	400
43	400
43	400
40	400
40	800
46	500
31	500
34	1100
40	500
34	500
34	500
34	500
34	400
40	400
37	400
34	600
40	500
40	400
43	500
40	400
43	1400
40	400
37	500
40	600
40	400
37	400
43	500
34	400
34	600
43	400
46	400
40	500
43	700
43	500
40	400
37	500
34	400
40	500
37	600
37	500
40	400
34	400
46	500
37	600
40	400
34	400
40	500
40	700
40	400
43	400
37	400
46	400
31	600
37	400
40	1300
37	600
37	500
37	500
34	400
37	400
34	500
43	400
37	600
34	400
43	400
46	1500
43	500
43	500
37	400
37	400
37	300
37	800
37	400
37	400
37	400
37	700
40	1500
43	500
43	400
31	500
37	400
40	500
40	400
37	400
37	300
46	500
37	500
40	500
40	500
43	400
43	500
37	500
39	400
31	400
34	400
40	400
37	600
37	500
43	400
40	600
37	600
43	1500
40	400
43	500
40	500
40	500
40	500
34	500
40	400
40	700
34	500
37	400
43	1300
37	1000
31	400
34	400
46	600
40	500
31	400
37	400
37	500
43	700
37	500
40	400
40	1200
40	400
37	400
31	500
43	600
37	500
37	500
37	500
37	500
46	400
43	1300
40	500
31	400
43	800
46	600
34	400
46	700
40	400
40	500
40	500
40	700
37	500
37	700
31	500
43	600
43	500
37	400
37	600
43	500
46	2000
46	600
37	500
37	400
34	600
40	500
31	600
43	500
37	500
40	600
34	800
40	2300
40	600
34	500
46	600
45	600
46	600
37	600
40	500
37	400
46	700
34	500
40	1500
43	700
40	600
43	500
40	600
37	700
37	500
40	600
37	600
40	500
40	600
40	1600
52	600
40	1000
43	500
31	600
40	500
43	600
37	800
46	600
34	500
40	500
34	1600
46	900
40	700
46	600
43	400
52	700
43	500
49	500
37	700
40	700
34	500
43	500
37	400
34	600
37	600
46	600
43	600
37	800
43	600
43	600
37	500
37	500
37	600
43	800
37	600
37	600
46	600
43	600
40	400
46	500
34	400
40	500
43	400
34	400
40	400
46	500
34	400
49	500
31	300
40	400
40	500
40	600
43	600
37	400
40	500
34	400
37	600
43	1100
40	500
37	500
43	600
43	500
40	500
37	400
34	400
43	400
46	500
34	400
37	500
43	400
43	400
46	500
49	400
40	800
40	400
43	600
37	800
34	600
34	3900
37	600
49	500
40	600
34	400
40	500
40	400
43	600
43	500
31	400
46	400
37	500
37	500
37	500
43	600
43	500
40	600
37	400
37	600
37	400
40	500
37	400
40	500
40	500
31	400
40	500
43	500
40	500
43	400
46	400
31	400
43	400
43	600
40	400
43	400
37	600
37	600
34	600
40	400
40	400
43	500
40	500
37	500
46	500
37	600
43	400
37	300
31	700
43	400
43	500
43	500
40	400
34	600
40	400
37	400
40	500
37	300
37	1300
46	400
43	400
43	500
40	500
37	400
40	600
37	500
40	400
43	500
40	400
46	400
37	600
40	500
43	400
49	600
34	400
37	700
40	400
46	600
40	400
40	400
34	600
37	400
49	500
37	400
37	500
37	500
37	600
46	600
40	500
40	500
37	500
40	700
40	400
43	600
37	400
49	400
40	500
40	500
40	600
37	500
31	400
46	700
37	400
46	500
46	1300
40	400
34	400
43	500
43	400
40	400
37	500
37	400
37	400
37	1300
34	500
37	400
34	400
49	400
37	400
37	400
40	500
46	500
34	400
40	400
43	400
37	500
43	400
40	400
37	400
40	400
40	500
40	400
37	500
43	700
43	500
40	500
43	400
46	400
43	400
40	400
42	500
52	500
34	400
40	800
40	400
37	500
37	400
37	500
43	400
46	700
46	500
40	400
43	500
43	400
37	400
40	500
40	400
46	600
43	1300
49	600
40	500
40	500
37	400
43	500
40	600
43	600
37	400
40	500
43	400
37	500
40	500
49	400
43	1400
43	600
37	400
43	400
40	400
37	500
46	800
34	500
33	400
37	400
40	600
43	500
40	1200
37	500
40	500
46	500
34	400
37	400
43	400
37	400
40	500
37	400
43	400
37	500
40	400
40	400
40	500
49	500
46	400
37	400
40	400
40	400
34	400
40	500
31	500
31	500
46	600
46	400
40	400
31	400
37	600
37	500
37	400
43	400
49	500
37	500
46	400
43	400
49	1500
34	400
40	500
40	400
46	500
37	400
40	600
34	500
40	400
37	400
37	400
52	500
40	400
40	400
49	400
46	500
34	400
40	400
40	600
43	600
43	500
37	400
40	600
43	600
37	400
40	400
34	500
43	400
40	400
34	500
40	500
40	500
34	400
37	400
49	500
43	500
37	1200
46	500
40	500
40	500
40	500
40	400
43	500
34	400
37	400
34	500
37	400
37	400
37	400
37	400
40	400
43	500
40	500
37	500
40	400
46	500
40	400
37	500
43	400
37	400
34	400
34	400
37	500
43	500
34	600
31	400
49	500
43	400
40	400
40	800
37	500
43	400
37	500
34	400
46	600
43	400
40	500
40	400
40	500
43	600
40	500
34	400
43	700
43	400
49	400
40	400
40	400
40	300
43	600
46	500
34	400
34	400
34	400
40	500
46	500
40	500
46	500
46	500
43	400
40	500
46	500
40	400
34	600
40	400
40	500
31	400
46	600
43	500
40	400
43	400
40	500
40	400
34	500
49	400
40	600
43	500
37	400
34	400
40	400
37	400
40	400
46	400
34	400
43	400
37	400
43	500
49	500
43	400
46	500
40	500
49	400
43	500
46	500
43	500
46	500
40	400
40	500
34	400
40	400
40	600
43	500
49	600
43	600
43	400
40	500
43	500
46	400
37	500
46	400
40	400
46	400
34	400
37	500
40	500
40	400
37	500
40	400
40	1200
40	400
40	500
37	400
31	300
40	300
43	500
37	700
43	500
34	400
37	400
37	400
49	1100
40	500
43	500
37	500
40	500
46	500
40	400
40	500
40	400
40	400
43	400
52	1500
40	600
46	500
40	400
43	600
40	400
40	500
40	500
46	400
43	1300
43	500
43	400
34	400
40	400
37	400
40	500
37	600
40	500
46	400
37	400
40	1300
46	500
46	400
43	600
46	500
37	400
37	500
40	400
34	500
40	600
37	400
40	400
43	500
40	600
37	400
37	400
40	400
34	400
40	600
46	600
40	400
34	400
40	500
46	400
37	400
43	400
37	500
40	500
37	400
46	400
37	600
37	400
46	600
43	400
40	400
43	500
40	400
40	400
37	400
40	600
40	600
37	500
37	400
43	600
40	400
46	500
40	400
34	400
37	500
49	500
37	400
46	400
40	400
37	500
46	400
34	400
46	400
37	500
43	500
34	400
40	400
37	400
34	400
34	500
46	500
40	500
40	400
40	300
43	500
37	500
40	500
34	400
40	500
46	500
46	500
37	500
46	600
43	400
43	500
46	400
37	500
37	400
40	400
46	500
40	400
40	400
49	600
37	400
40	400
37	500
43	400
43	400
40	400
40	400
40	600
37	300
40	500
34	500
40	500
37	400
49	400
40	500
43	400
40	600
46	400
43	500
34	500
34	500
49	500
43	400
40	500
40	600
40	400
46	500
37	400
37	400
34	500
34	400
43	400
34	400
46	400
46	400
40	600
40	400
43	400
37	400
46	400
40	500
37	500
34	1100
37	300
40	500
34	500
43	400
40	400
37	400
43	700
40	400
49	500
40	700
40	500
43	1200
34	400
43	500
37	400
34	300
37	400
31	400
37	400
43	400
40	500
40	400
40	1200
43	400
34	400
43	500
46	500
34	400
43	400
40	700
40	500
37	500
40	400
46	500
37	400
43	600
37	500
40	400
40	600
37	400
34	400
40	500
43	400
40	400
43	400
43	400
46	1300
43	500
34	500
34	400
40	400
43	400
34	2000
40	500
40	400
40	400
37	400
49	400
40	1200
49	400
31	300
37	300
40	300
49	500
37	400
40	400
37	400
36	400
43	400
37	400
37	500
49	400
46	1200
40	500
43	500
37	400
43	500
46	400
43	400
40	400
40	400
37	500
40	500
40	500
40	700
46	400
40	600
34	600
37	400
46	500
46	400
37	400
37	500
40	400
34	500
43	400
43	500
43	400
40	500
43	500
40	500
49	700
40	500
40	400
37	400
34	400
37	500
40	600
37	400
46	400
40	400
40	500
43	400
34	400
37	500
40	500
40	400
43	300
43	500
37	500
40	400
37	500
46	500
49	500
34	500
34	400
43	400
49	500
34	400
34	400
37	400
43	500
37	1300
34	400
37	400
43	500
46	500
37	500
37	400
43	400
46	500
43	500
40	400
43	400
37	400
46	400
40	300
40	300
37	500
34	500
34	400
43	400
37	400
46	600
34	400
40	400
43	400
46	400
40	400
37	700
43	500
37	400
43	500
40	500
34	400
43	500
37	500
37	400
40	600
40	500
37	400
40	500
37	500
49	500
43	400
46	500
40	500
34	500
43	500
37	400
34	500
40	400
43	500
46	400
40	600
36	500
43	400
37	1300
34	400
43	600
37	400
31	400
34	500
40	500
46	400
40	500
40	400
43	500
40	400
37	400
43	400
37	400
49	500
40	500
40	500
52	500
39	400
43	500
40	500
37	500
40	500
49	600
40	400
40	400
37	500
37	400
37	400
37	500
37	400
40	400
40	500
40	400
37	500
37	400
40	500
46	600
40	400
40	500
46	500
37	500
37	400
40	400
40	400
40	400
43	400
40	400
40	400
43	400
40	500
52	500
30	400
46	600
40	400
46	400
49	500
37	400
34	300
46	500
34	500
40	500
46	600
34	400
40	400
40	400
37	500
37	500
40	400
46	400
34	500
43	400
46	500
37	400
43	400
43	400
31	400
37	400
52	600
49	500
49	600
37	500
43	500
34	500
31	400
43	500
43	400
40	400
37	500
40	500
40	500
40	400
46	600
40	400
34	500
43	400
40	400
40	300
49	600
37	400
37	500
40	500
43	500
40	500
40	500
43	400
43	500
40	500
37	400
40	400
37	400
40	500
43	500
40	400
37	400
46	500
42	500
40	400
46	500
46	400
43	400
37	300
43	400
37	400
46	400
40	400
37	500
37	400
46	400
43	500
34	500
46	900
40	400
40	500
43	400
37	500
43	400
40	400
46	500
43	500
49	600
34	400
43	400
40	500
37	1200
40	400
37	400
34	500
40	400
37	400
40	400
40	400
43	400
43	500
37	400
37	500
37	400
46	400
37	400
43	500
37	500
43	500
40	400
34	400
34	400
31	400
46	500
40	400
40	500
43	400
43	500
40	500
43	400
37	500
43	400
40	500
37	400
37	400
40	500
46	400
43	400
37	500
40	600
46	400
40	400
37	500
40	500
40	400
34	400
37	400
37	400
46	500
40	600
40	400
46	400
34	400
46	400
37	300
37	400
34	500
40	400
43	500
40	400
40	400
37	400
40	600
40	1100
37	500
37	400
49	400
40	500
40	500
40	400
43	400
40	500
40	500
39	600
34	400
43	500
43	1900
40	600
43	600
37	600
43	500
37	700
46	800
40	600
43	900
40	700
37	600
34	700
43	600
40	600
40	600
43	600
37	500
34	500
43	700
37	500
43	700
37	500
43	1700
40	600
43	600
37	800
37	600
40	700
43	600
46	700
37	700
37	600
31	700
37	600
39	700
34	600
40	700
46	700
46	700
46	700
34	600
40	700
40	500
46	800
37	600
46	700
34	500
34	700
40	700
49	700
40	600
34	600
37	600
43	700
43	700
43	600
46	700
49	1700
37	500
37	1100
43	700
40	700
37	500
40	600
40	700
43	1000
43	600
43	600
43	600
37	800
43	600
40	600
43	900
37	600
55	900
43	800
40	600
40	600
40	800
40	700
40	500
49	800
37	500
37	800
40	500
40	700
43	700
37	600
37	500
43	800
37	600
31	600
37	600
36	700
34	700
43	700
46	700
46	800
37	700
34	800
46	700
40	700
43	800
40	800
37	500
37	600
37	700
43	1000
40	700
40	700
43	700
52	800
37	700
34	600
37	700
43	700
43	1700
46	900
34	700
34	600
37	600
40	700
46	700
40	700
43	900
52	800
37	700
34	500
40	800
33	800
40	700
40	1000
37	600
40	700
43	600
43	700
43	600
37	700
40	500
40	600
43	700
37	600
46	700
52	700
49	700
40	600
43	900
40	700
49	900
37	800
49	500
34	700
40	700
37	700
46	900
43	1000
49	1000
37	700
34	600
43	700
46	900
37	600
37	800
34	700
43	800
43	600
37	600
43	800
40	800
34	600
46	800
40	1800
37	700
40	600
40	600
49	700
40	700
37	600
37	700
40	700
43	700
37	600
46	800
46	500
40	700
34	600
34	600
37	600
34	600
37	800
40	700
40	700
37	800
40	900
37	700
46	800
40	700
46	700
37	600
49	900
40	600
46	700
46	700
52	1200
46	800
40	600
37	600
40	500
46	800
40	700
37	700
37	700
37	700
43	700
34	500
40	600
40	700
46	800
46	700
49	700
43	700
34	1500
40	700
43	700
43	1000
40	900
40	600
43	600
40	600
37	700
37	600
46	700
46	600
40	600
37	1600
43	700
43	600
37	700
37	800
49	800
40	600
37	500
46	600
40	800
43	600
46	500
46	1900
40	600
37	600
46	700
46	600
43	800
46	600
43	500
40	500
37	600
43	700
40	500
46	800
34	600
43	700
40	700
37	600
46	600
40	900
43	600
40	700
37	700
40	700
43	600
46	700
43	800
40	700
37	600
49	900
40	600
37	700
43	600
34	700
46	700
40	700
46	700
43	800
40	800
43	800
46	800
42	500
37	600
43	900
40	600
46	1000
37	700
34	600
40	500
40	700
40	700
34	1600
34	600
37	500
40	700
46	900
40	600
40	600
46	700
37	800
40	600
37	700
40	700
46	800
40	700
31	600
37	700
46	700
40	800
43	900
43	800
37	600
37	600
40	600
52	900
40	1700
43	700
46	700
46	600
46	700
43	800
37	700
43	700
46	600
43	700
37	700
40	700
37	700
46	700
37	800
37	600
45	900
43	800
40	800
40	600
40	600
46	900
34	700
46	800
34	600
46	900
40	800
49	800
46	800
43	800
37	700
46	600
46	700
37	700
49	800
34	700
40	700
43	700
52	900
49	900
37	600
37	600
43	700
43	700
37	600
43	600
40	700
43	600
40	500
43	600
37	600
49	700
40	700
43	700
46	700
43	800
37	600
34	600
37	600
40	900
43	600
34	900
40	800
55	900
46	700
43	600
43	600
40	800
46	700
46	600
37	600
46	600
40	600
46	800
40	700
49	900
37	800
37	600
43	800
34	700
37	600
46	700
43	1600
46	700
34	600
34	700
40	700
43	700
46	700
43	800
37	500
46	700
43	1800
43	700
37	700
43	900
37	600
37	600
37	700
43	600
37	600
46	700
43	700
37	600
37	800
37	800
40	800
49	700
34	600
43	600
46	700
40	600
43	600
37	700
31	600
37	700
49	800
34	600
43	700
43	800
40	700
43	900
39	700
40	700
40	600
43	700
37	700
45	700
46	600
37	700
49	700
37	600
37	900
46	900
40	1400
34	700
37	700
34	600
49	600
34	500
40	800
37	500
37	600
43	800
40	600
37	600
40	400
34	400
40	600
43	600
46	1000
46	600
40	800
37	700
40	700
37	600
43	600
40	600
40	700
40	500
40	600
40	700
43	700
37	800
46	600
34	700
37	600
37	600
37	700
46	1200
46	700
55	2000
43	800
40	600
37	700
49	700
37	700
43	700
40	800
40	600
40	600
49	800
43	800
40	500
37	600
43	600
37	500
40	600
37	500
49	600
40	600
37	500
37	600
40	600
40	500
46	800
43	600
40	600
40	500
40	600
43	700
43	600
46	800
37	600
46	600
37	500
43	700
37	700
52	600
43	600
37	900
43	700
43	700
37	800
37	600
40	700
43	700
40	600
37	600
43	600
37	600
46	800
37	600
37	600
46	900
49	900
52	800
40	700
40	600
43	1900
34	600
43	800
37	600
40	600
37	700
40	600
40	700
40	700
40	600
31	600
40	800
37	900
43	800
46	800
40	600
46	700
40	800
40	600
31	600
43	700
46	900
43	600
49	700
49	2000
49	800
40	600
49	600
49	900
40	600
40	700
37	600
46	2900
43	800
37	900
49	800
37	600
46	900
52	800
49	600
43	600
43	500
43	1600
46	700
43	600
40	600
43	800
40	600
34	600
40	700
52	700
40	700
49	900
49	1900
46	500
43	1000
37	600
46	800
49	700
37	700
40	700
46	700
40	700
40	700
40	700
34	700
40	600
46	700
40	600
34	500
49	700
37	600
37	700
40	800
43	700
46	700
37	600
40	600
37	900
37	800
43	1000
40	800
37	600
40	700
40	700
34	600
40	800
43	600
40	700
40	700
37	11900
46	900
49	700
46	500
43	600
49	600
40	600
37	500
46	500
49	600
46	700
49	600
43	500
43	700
43	800
37	600
31	800
34	600
34	700
34	800
37	500
43	500
37	800
40	1500
46	600
46	600
40	700
37	800
43	600
40	600
43	600
34	700
43	900
40	600
52	800
46	600
43	1700
37	600
43	700
37	600
40	500
40	600
43	800
40	600
43	800
43	600
46	800
37	800
31	1800
37	600
46	700
43	600
37	600
37	700
40	800
49	800
46	700
43	600
43	600
40	500
34	600
43	1000
37	700
40	600
37	700
43	800
37	600
40	700
43	700
46	500
37	1700
43	700
40	900
40	700
40	500
40	600
49	700
34	500
46	800
43	600
43	900
52	500
40	700
43	700
37	600
43	600
52	700
43	800
43	600
43	600
37	600
43	800
49	1600
46	700
46	800
46	700
40	800
40	800
37	800
31	600
37	700
43	700
40	500
37	800
37	800
37	900
31	400
43	600
49	1000
43	600
43	600
49	500
40	600
34	600
40	600
40	600
40	800
40	700
34	600
43	700
49	600
49	700
40	500
37	700
43	600
43	800
43	500
46	600
43	800
37	600
46	700
40	700
37	900
43	700
40	700
34	500
40	800
46	700
37	600
40	700
40	700
40	700
46	800
46	900
46	600
43	700
43	600
46	600
39	500
40	600
37	700
46	500
40	600
43	600
43	700
46	600
40	600
34	600
43	600
43	600
40	500
40	600
34	700
43	600
34	600
34	500
37	700
37	600
37	600
43	600
34	500
40	600
40	600
40	600
46	1500
46	600
43	600
43	700
37	800
43	600
43	700
34	600
40	600
37	600
40	700
43	800
43	700
46	700
40	800
49	700
43	600
43	600
37	600
40	600
37	600
37	600
37	600
46	700
46	600
37	1700
37	800
37	700
37	600
40	900
40	1000
37	700
46	700
52	1000
43	700
46	700
37	500
49	1900
43	700
37	800
37	800
40	700
37	600
40	500
46	700
43	700
43	600
43	600
37	800
37	700
40	700
40	600
40	700
37	600
40	600
43	700
37	600
43	700
37	600
40	600
34	800
37	3300
43	800
40	600
43	600
40	900
40	600
40	700
34	600
40	600
43	600
37	900
46	1800
40	500
40	1200
34	700
46	600
40	600
43	600
43	600
43	500
34	600
43	600
37	500
37	600
34	400
37	700
43	700
37	700
37	600
43	700
37	600
34	700
34	700
43	600
40	600
40	800
40	700
37	600
40	600
34	600
46	600
34	600
37	1100
43	700
37	700
43	700
40	700
40	600
40	600
43	700
37	600
46	700
40	600
43	700
40	700
40	900
43	900
40	600
37	500
34	600
40	600
34	600
37	600
46	500
40	700
37	700
40	600
40	600
43	500
37	500
37	700
43	600
37	500
40	600
37	600
37	600
34	600
43	600
40	600
40	500
37	600
37	600
40	500
37	900
37	700
40	500
43	700
40	700
43	600
40	600
37	400
40	700
40	700
37	700
40	600
40	600
40	600
43	600
43	500
40	600
37	600
40	600
43	700
40	500
40	700
37	700
40	600
34	500
46	800
37	700
43	800
37	600
40	700
40	600
37	600
40	800
43	1000
43	600
40	800
46	600
46	500
43	700
37	700
43	600
40	600
37	700
40	600
37	600
40	700
43	700
43	800
40	500
40	700
37	500
49	1900
43	700
43	700
43	500
40	1000
43	600
43	600
40	500
52	800
37	700
40	500
37	700
40	700
46	900
43	600
43	600
40	600
43	700
40	500
43	600
43	600
40	500
37	700
43	600
40	800
37	700
37	500
37	500
40	500
37	700
40	500
40	700
46	800
46	600
37	600
40	600
37	700
43	700
37	800
40	800
46	700
37	600
40	500
40	500
43	600
37	500
46	600
40	600
37	600
46	700
37	1500
43	900
40	700
37	500
40	800
46	500
40	700
43	600
43	800
46	800
46	800
40	600
40	800
37	700
46	600
40	600
37	600
43	600
37	500
40	600
40	600
40	600
34	500
43	600
37	500
40	800
43	1500
40	600
40	800
43	600
43	900
43	600
40	600
43	600
43	600
40	700
40	400
37	500
40	700
46	700
37	500
37	800
37	700
40	700
49	800
40	800
40	500
40	900
46	1700
40	600
34	800
40	600
37	800
37	700
40	600
37	600
46	700
40	600
37	600
46	700
37	700
43	800
43	800
37	600
43	600
43	600
43	600
37	600
40	700
40	600
40	500
34	500
43	1900
37	500
40	600
37	500
37	800
37	600
43	700
40	600
40	800
40	600
37	700
34	600
40	600
40	600
40	600
37	600
46	600
37	600
43	600
40	500
40	700
40	600
37	600
37	700
43	700
40	1700
34	500
43	600
37	700
43	700
37	700
37	600
49	900
34	600
37	700
43	700
37	500
37	1800
40	700
43	600
40	600
43	700
40	700
40	700
43	600
40	600
37	500
43	700
40	600
37	600
40	1500
43	700
46	700
40	600
34	600
37	600
37	600
43	600
37	600
40	600
40	600
43	700
43	500
40	600
37	500
37	500
43	700
43	600
43	700
37	600
49	700
40	800
40	700
37	800
37	700
40	700
40	600
37	900
37	600
40	600
40	600
40	500
46	600
43	500
40	500
37	1700
40	600
40	600
37	600
40	500
37	600
49	700
37	600
46	700
46	600
37	700
43	700
40	600
40	600
43	800
34	600
37	500
37	500
37	600
37	700
49	800
37	1600
37	600
40	600
40	600
43	600
37	600
37	700
43	700
43	600
43	700
43	600
46	600
43	700
40	500
40	700
40	600
49	700
46	4000
37	600
40	700
40	500
37	700
37	700
37	600
37	500
40	600
46	600
40	600
43	500
40	600
43	700
40	800
40	700
40	700
46	600
40	700
40	900
40	600
40	600
40	500
37	700
37	600
43	600
43	600
37	900
43	1700
34	700
46	600
46	700
49	800
43	600
43	600
40	600
46	600
43	700
40	600
40	700
34	700
43	500
43	500
43	800
40	500
37	500
37	500
46	700
49	700
43	700
34	700
40	700
40	700
40	700
40	700
40	700
40	500
40	600
46	800
40	500
37	700
40	700
49	700
40	700
43	500
37	600
37	700
46	600
40	600
46	600
37	600
46	500
40	500
43	800
40	600
40	500
46	800
40	500
37	600
40	700
40	500
37	800
37	600
40	500
46	500
43	600
37	500
40	600
43	1500
43	600
37	600
46	600
40	600
43	800
40	500
34	500
40	600
43	700
43	900
40	500
40	500
37	1700
40	600
46	600
40	600
43	700
40	600
43	800
40	700
37	600
49	700
46	600
40	1500
37	500
40	600
40	600
43	700
37	600
37	600
43	700
40	600
43	800
46	800
40	700
40	600
43	500
37	600
40	900
43	700
43	700
37	500
43	900
43	600
43	700
40	600
40	700
37	500
40	600
40	600
37	600
40	700
40	600
46	600
40	600
37	600
46	500
40	600
34	600
40	600
40	1600
40	700
40	500
43	700
49	800
46	700
40	700
40	600
40	700
40	600
43	600
40	700
36	600
43	600
40	500
37	600
37	800
40	600
43	600
37	600
37	500
43	800
40	600
40	600
46	600
37	500
40	600
36	700
46	700
43	600
37	500
37	600
40	500
48	700
40	500
40	500
43	800
40	1600
40	700
40	500
18	400
40	600
43	600
49	700
40	600
43	500
40	700
37	600
40	500
37	600
40	600
43	700
40	600
43	800
43	600
37	600
40	600
40	600
43	500
43	700
40	600
40	600
40	800
34	600
43	500
43	600
34	700
43	600
40	600
43	600
43	700
40	700
43	600
37	700
37	500
40	600
43	700
40	700
37	600
37	600
46	600
37	600
40	700
43	700
43	1600
40	600
43	600
43	500
40	500
40	800
43	700
40	500
46	600
37	800
46	1800
40	600
40	700
43	600
40	500
40	700
40	600
40	500
40	600
40	600
46	600
40	1900
40	600
43	700
46	600
49	500
40	600
43	600
40	700
40	600
40	500
34	700
37	600
40	600
40	600
46	500
46	600
46	500
37	600
43	600
43	600
43	600
37	700
37	500
40	500
43	500
46	600
46	600
43	700
43	600
40	600
43	500
40	600
40	700
37	600
37	600
46	600
46	600
40	600
34	500
37	700
37	500
34	600
37	1700
43	700
37	500
40	700
40	500
40	500
40	600
43	900
40	600
40	1600
40	600
43	600
43	500
40	500
46	600
40	500
40	600
37	500
46	1000
37	700
43	1500
43	700
37	600
40	600
43	700
37	400
43	500
43	600
40	600
40	500
43	600
40	700
46	900
37	700
46	600
40	600
40	500
37	600
40	600
37	600
43	700
34	1500
37	500
40	600
37	600
40	500
40	800
43	600
49	700
40	700
37	600
40	600
40	600
43	600
40	700
40	700
40	800
37	600
43	600
37	600
40	600
40	600
40	600
43	600
43	500
46	700
43	500
43	600
43	500
46	600
46	800
43	600
37	1700
43	600
40	600
37	500
43	600
40	500
43	500
43	500
43	500
40	800
43	500
37	600
40	500
40	400
37	400
37	500
37	500
43	500
37	900
40	400
43	500
46	600
40	400
40	1300
40	400
43	500
43	400
40	400
40	500
40	500
40	500
43	600
40	400
49	600
37	500
43	1200
40	500
43	600
37	400
43	400
40	500
43	500
43	400
43	400
40	700
40	500
43	500
37	400
40	500
40	600
40	500
40	600
37	500
40	400
37	400
37	500
49	500
40	500
43	400
37	600
37	500
43	400
37	500
43	500
43	500
43	400
34	400
43	500
40	600
43	600
40	1100
40	500
46	400
37	400
40	400
43	500
37	400
40	400
49	600
40	300
43	500
37	500
46	500
34	600
43	500
40	400
40	400
40	500
34	400
40	500
43	700
40	400
46	500
37	1300
43	400
43	500
37	500
46	400
37	400
46	500
43	400
40	400
46	600
40	400
46	1600
40	500
49	600
43	400
43	500
37	500
40	400
37	400
40	400
43	400
37	400
37	400
43	1300
40	400
34	400
37	400
40	500
34	500
43	400
46	700
37	400
40	600
40	1300
40	500
43	400
37	500
40	400
34	400
40	400
37	400
40	500
34	400
37	500
40	500
40	1300
37	500
43	400
37	400
37	400
43	400
46	500
37	400
40	400
43	600
37	400
43	400
40	300
40	500
37	300
37	400
43	400
34	500
43	500
40	400
43	500
43	600
46	500
43	1200
46	700
40	400
40	500
40	400
43	500
37	400
46	400
40	400
40	400
34	400
43	600
37	400
52	600
40	400
34	500
40	500
40	600
43	400
43	400
40	400
40	500
40	400
40	600
43	600
40	400
46	400
40	400
40	300
40	600
40	400
34	500
40	400
46	400
40	400
43	400
40	400
43	500
40	400
34	400
49	400
40	500
45	400
40	400
43	500
43	500
40	400
43	600
46	1600
40	400
40	500
40	400
40	400
40	400
37	300
40	600
37	400
40	300
43	400
46	500
40	1100
40	500
40	500
40	500
37	500
40	500
40	500
37	400
40	500
37	500
40	500
43	400
40	400
40	700
37	600
46	600
37	400
40	600
43	900
34	500
40	600
43	500
49	600
37	500
43	500
40	500
40	500
49	700
43	700
43	600
43	700
40	600
43	500
43	500
46	900
40	600
43	600
46	700
37	500
37	700
40	700
43	600
37	500
46	600
40	500
43	500
40	700
40	600
40	600
40	500
43	500
43	600
42	500
43	600
46	500
40	600
46	600
46	600
43	500
40	600
40	600
46	600
40	500
40	500
40	600
43	600
40	700
40	400
37	500
40	600
37	600
40	400
37	500
43	500
37	700
34	700
37	600
43	500
37	500
37	600
43	700
37	1400
40	500
40	500
52	900
43	700
43	500
40	600
40	700
37	500
46	700
40	500
40	1500
37	600
43	700
40	700
43	600
43	600
40	600
40	500
40	500
40	600
40	600
37	500
40	600
37	400
40	600
43	600
43	600
34	500
43	500
37	500
43	600
43	600
40	500
43	500
40	500
46	700
43	500
40	500
40	500
36	600
40	500
43	600
40	500
43	700
40	500
40	400
49	600
43	700
40	500
43	700
43	500
49	600
40	600
40	700
40	500
40	500
40	800
40	600
40	600
46	600
37	600
43	500
40	500
37	600
37	600
37	600
43	800
37	600
43	700
37	500
46	700
40	500
43	600
40	500
43	900
43	600
40	500
40	500
43	500
43	600
40	600
40	600
46	700
37	700
40	600
37	1400
43	600
40	600
43	500
37	600
43	700
40	600
37	600
46	600
37	600
36	700
40	700
37	500
43	600
37	500
46	700
37	500
46	900
40	500
37	600
40	700
46	800
40	600
37	600
37	600
40	500
40	700
37	700
37	500
46	600
40	500
43	700
37	600
40	700
40	400
34	600
37	500
37	700
40	700
43	600
43	700
40	500
40	600
40	800
46	700
43	700
40	1600
43	600
37	600
49	700
43	700
40	700
37	600
34	600
37	700
43	700
43	700
43	600
46	1600
46	700
40	600
43	900
43	600
43	600
40	600
46	500
43	700
40	700
46	1500
43	600
46	600
43	800
43	600
37	500
40	600
40	500
40	600
40	600
40	500
37	600
49	1600
37	600
43	800
37	600
43	500
40	500
40	700
43	700
40	600
40	800
40	600
40	1600
49	600
40	600
43	700
40	600
40	700
43	700
46	700
40	500
43	700
37	500
40	900
37	1500
34	500
43	600
43	500
43	600
37	700
43	600
40	700
43	600
40	600
43	600
43	700
40	600
43	700
37	600
40	700
40	600
43	700
37	600
40	700
40	700
43	700
43	600
43	600
40	700
34	400
46	600
37	600
43	600
43	1000
37	3400
40	700
40	600
40	600
40	600
43	1600
40	700
40	700
40	700
40	600
37	600
40	600
43	600
43	600
40	700
46	700
40	500
43	500
37	700
36	500
43	600
40	600
43	600
40	600
43	400
46	600
37	700
34	700
37	700
40	1400
43	700
40	800
40	600
49	600
37	600
46	600
40	800
37	600
40	500
40	700
43	600
40	600
40	1600
40	600
43	600
43	600
37	500
40	600
40	700
40	500
40	500
40	500
43	600
37	600
43	600
40	1500
43	700
40	600
46	700
40	700
43	600
40	500
40	600
40	700
43	700
37	500
43	600
43	700
43	700
43	600
43	500
37	800
40	600
40	700
43	600
43	700
40	700
43	600
40	700
40	700
37	600
40	500
37	400
46	600
40	500
43	600
37	700
40	600
40	500
40	500
40	500
34	600
43	600
42	600
46	700
46	600
40	600
37	700
40	600
40	700
43	800
37	600
43	700
43	500
37	1600
40	500
40	600
37	700
46	600
34	800
37	600
43	600
37	700
37	600
46	700
43	700
37	500
46	800
40	600
40	600
43	800
37	600
43	700
37	600
40	600
43	600
37	700
43	700
40	700
46	600
40	600
46	700
40	600
40	700
40	600
37	700
37	500
46	1500
34	700
40	600
40	500
37	700
46	600
43	800
46	1000
40	600
40	800
37	600
40	600
46	600
46	700
43	600
43	700
46	800
37	600
40	600
40	600
37	500
46	600
40	500
40	600
40	1600
40	600
37	600
40	600
40	500
37	700
37	500
43	600
37	600
37	700
46	500
46	1900
40	800
37	700
43	600
43	700
43	600
40	600
43	500
43	600
37	600
43	800
40	700
37	600
43	800
43	500
37	500
40	700
43	600
40	600
40	600
46	800
46	600
43	900
37	700
40	600
37	600
40	700
49	700
43	700
43	700
37	500
34	500
46	600
43	600
40	500
43	700
46	800
40	600
40	600
40	800
43	700
37	400
46	800
43	1000
40	600
40	700
43	600
40	1800
43	600
40	700
40	500
37	600
37	500
43	800
40	700
40	700
40	1700
43	600
40	600
40	600
34	600
40	700
45	700
37	500
43	700
49	700
43	700
46	800
37	1700
43	900
40	700
37	700
40	600
40	600
40	700
37	600
40	600
37	500
46	800
40	500
43	700
37	600
40	600
46	700
40	600
37	700
43	600
40	600
37	600
43	700
40	600
46	800
49	700
46	900
46	700
37	500
43	700
40	700
37	600
40	600
46	600
43	600
43	600
46	700
40	600
40	600
40	600
46	600
40	600
40	600
46	500
49	700
43	500
46	600
43	1700
37	500
46	700
46	700
46	600
43	500
43	500
37	600
43	600
43	600
40	900
40	800
37	600
40	1500
40	600
43	700
40	500
43	700
43	700
40	600
40	600
37	600
43	700
43	600
49	700
40	600
49	700
52	600
40	600
52	700
40	700
40	600
43	600
34	500
49	600
46	700
40	1000
43	500
46	800
43	700
37	600
40	600
40	700
40	600
43	600
37	700
46	700
40	500
43	700
40	500
40	500
40	600
43	600
46	700
37	600
37	600
46	600
40	600
46	900
37	600
37	600
43	600
37	700
40	600
37	500
40	600
46	700
40	500
37	600
49	700
37	900
43	600
40	700
40	600
37	500
40	600
37	500
40	600
43	600
43	800
43	600
40	500
40	500
46	900
43	600
40	700
40	500
43	700
39	500
43	700
43	700
37	700
43	700
46	700
43	600
40	700
40	600
43	600
37	600
46	600
43	800
43	700
46	600
46	1800
43	600
40	600
43	600
43	700
40	600
43	700
34	600
37	500
43	400
40	600
43	600
40	1800
46	600
40	700
43	600
40	600
40	900
43	600
43	500
43	600
40	600
43	600
37	600
46	1800
43	600
43	700
43	700
43	600
49	900
43	600
43	600
46	600
37	600
37	500
40	700
40	600
37	1100
43	800
43	800
52	900
43	700
43	700
43	600
46	700
43	600
46	800
37	500
40	600
49	600
40	600
40	600
40	600
46	900
43	700
43	600
40	600
40	500
46	600
40	600
40	800
46	700
40	500
40	600
43	700
43	600
43	600
34	700
43	700
40	500
49	1800
43	600
43	600
43	500
43	500
40	600
46	600
37	700
46	700
40	600
46	700
43	600
40	400
40	800
37	600
43	700
43	700
43	600
34	700
40	600
46	600
40	600
37	600
46	900
40	800
37	700
34	500
43	600
40	900
46	600
42	700
40	800
46	600
37	500
46	600
37	600
43	1600
46	800
40	700
43	700
40	700
40	600
40	400
40	600
37	600
40	600
43	600
46	1500
46	800
40	600
43	600
43	500
43	600
40	600
43	700
40	500
46	700
37	500
43	700
46	700
46	700
40	600
40	600
40	700
40	700
43	600
40	800
43	700
43	500
43	700
46	800
46	600
46	1500
40	700
43	700
40	600
37	900
46	800
43	600
40	500
43	500
37	600
43	500
43	500
49	1500
40	600
40	400
40	500
43	500
37	600
40	600
40	500
40	700
43	500
37	500
46	1500
43	700
43	600
43	900
49	600
46	500
46	700
43	600
24	400
43	600
40	600
40	500
40	900
40	600
43	600
43	700
40	600
40	600
40	600
40	700
37	600
40	700
40	600
46	600
37	600
49	800
37	1500
37	500
43	600
43	600
40	600
43	800
43	700
37	600
43	700
40	600
37	500
40	700
40	500
43	1600
37	700
40	600
40	500
40	600
37	500
40	600
43	600
40	500
46	800
43	700
37	600
37	700
40	600
40	400
43	600
40	700
37	500
46	700
37	500
37	700
46	700
40	800
43	600
43	1500
37	600
40	600
40	500
40	700
40	700
43	700
40	500
34	500
37	700
49	700
40	600
43	800
37	700
40	600
43	600
43	900
34	500
43	600
37	800
43	600
40	600
46	900
46	700
43	700
43	600
43	800
43	600
43	700
34	500
40	700
37	600
43	600
37	600
46	600
37	600
46	800
40	1700
46	700
40	700
45	800
43	600
40	600
40	600
40	700
37	500
40	600
37	700
40	600
40	600
46	600
40	1500
43	700
37	800
43	600
40	600
43	700
40	600
40	600
46	700
43	500
43	600
40	500
40	500
40	500
40	600
37	600
43	600
40	600
37	500
40	600
40	600
43	600
40	600
43	500
40	500
43	700
37	600
37	700
49	700
46	700
37	500
43	600
43	700
43	600
37	500
40	500
43	700
43	1800
43	600
49	800
43	700
43	1100
40	600
43	800
43	600
37	700
43	500
40	600
46	700
40	800
43	700
40	600
40	500
43	600
40	500
46	700
37	600
43	500
43	600
37	500
43	700
49	700
37	400
37	500
40	500
46	600
40	500
40	500
43	500
43	500
46	500
40	500
37	500
40	400
37	400
40	600
43	500
37	500
40	700
43	600
43	500
40	500
40	500
40	500
37	700
43	500
40	400
40	700
43	600
40	700
40	600
40	600
43	700
40	600
37	600
43	500
40	700
40	500
46	700
40	500
43	600
34	500
39	600
43	600
37	700
40	700
37	500
37	600
40	700
43	500
43	700
43	600
43	600
46	1000
34	500
37	700
40	600
43	500
43	600
37	600
37	600
46	800
40	500
46	700
43	500
43	500
43	700
49	600
43	600
49	700
46	700
43	600
43	600
40	500
43	500
43	1400
40	700
37	600
40	700
43	600
43	700
40	800
40	600
43	600
43	600
46	800
43	500
43	600
49	700
49	600
46	600
40	900
43	500
43	800
49	600
43	600
43	500
43	600
43	600
40	600
46	3600
43	800
42	800
40	500
40	600
40	500
46	500
40	700
40	500
40	700
43	800
43	700
40	600
40	700
40	500
46	800
40	800
40	600
43	700
43	700
40	600
43	600
40	1800
43	600
43	700
37	500
40	600
40	700
40	600
43	600
46	600
37	500
40	500
46	600
46	1500
43	600
37	500
40	900
43	600
40	600
46	500
40	500
46	600
40	600
40	600
40	400
43	600
40	400
43	700
43	600
40	600
40	500
40	600
37	600
40	600
37	500
40	600
37	500
40	500
40	500
43	600
40	500
40	700
37	500
46	700
40	600
43	600
37	700
40	400
40	600
40	1400
52	900
40	500
43	600
40	600
40	500
37	500
37	500
37	600
43	500
40	600
40	500
46	1600
46	900
43	500
40	600
37	600
40	700
40	700
37	600
46	400
40	500
43	500
40	1400
40	900
43	600
40	400
43	600
46	500
40	500
37	500
40	600
46	600
40	600
40	700
46	1600
46	500
34	800
46	600
43	700
40	600
43	700
40	600
43	600
43	500
46	600
46	700
46	700
40	600
43	600
46	900
46	600
46	600
34	400
40	600
43	1500
40	600
46	600
37	600
40	600
40	500
40	500
46	600
40	700
40	500
37	700
40	1600
40	500
40	600
37	700
49	900
43	600
40	600
43	600
46	600
40	700
43	600
37	800
40	600
40	500
43	700
40	600
40	500
49	600
46	700
43	600
43	500
40	600
37	500
46	1500
46	600
46	600
40	600
40	600
43	800
43	700
43	600
43	600
40	800
49	700
40	600
43	600
37	500
40	500
40	600
46	700
49	600
40	600
43	700
46	900
46	600
43	500
43	1600
52	700
40	600
43	600
43	600
43	600
46	700
37	500
37	700
46	600
33	500
46	500
46	600
37	600
49	800
43	600
46	500
37	700
46	500
37	500
46	600
43	600
46	500
40	700
37	700
43	600
39	600
37	500
40	600
37	500
40	600
40	600
43	600
43	600
43	600
40	800
40	600
46	600
43	600
43	700
37	600
40	600
46	600
43	600
43	600
46	800
43	500
40	400
40	400
37	600
37	400
46	1100
43	800
40	500
43	500
39	400
37	600
43	500
46	700
43	500
43	600
43	900
40	500
43	500
49	500
40	500
49	700
43	800
43	600
40	500
49	700
40	500
40	600
46	600
37	600
46	1000
40	500
40	400
43	800
46	500
37	400
43	400
40	400
40	400
43	400
40	500
43	500
46	500
37	500
49	600
49	600
40	600
46	500
43	500
40	400
40	500
40	600
43	500
37	300
34	400
43	600
43	500
43	700
43	400
40	500
46	600
40	500
40	600
46	400
40	500
43	500
37	400
40	500
43	500
40	500
43	500
43	500
40	600
37	400
37	500
43	1200
37	600
49	500
40	600
43	500
49	500
34	300
43	400
43	500
37	500
43	400
43	400
43	400
49	400
40	500
46	500
37	400
46	400
43	400
43	500
43	600
46	400
37	500
43	500
40	400
46	600
43	500
40	500
46	400
40	500
40	600
46	500
40	400
43	400
46	500
40	400
40	300
43	400
40	400
43	500
40	400
40	500
43	500
40	400
37	300
37	500
46	400
40	300
46	400
33	400
37	400
46	400
37	500
40	700
37	400
40	500
46	500
52	500
40	500
42	400
40	400
37	400
37	400
37	400
46	600
46	500
43	400
40	500
40	400
43	500
49	600
46	600
37	600
40	500
45	400
40	600
49	400
43	500
40	600
46	600
46	500
43	600
46	1200
40	400
37	500
40	400
43	500
40	400
40	500
43	500
37	500
46	600
43	500
43	400
37	1100
52	600
40	400
43	500
46	400
52	500
40	400
40	500
40	400
37	500
37	1400
40	500
34	400
40	400
43	400
43	400
43	300
40	400
37	500
40	400
49	500
43	400
37	400
43	600
46	500
43	400
40	500
43	500
43	500
40	400
43	400
43	700
43	500
40	500
40	600
46	700
43	400
43	500
43	500
43	500
40	300
43	500
40	400
40	400
34	500
40	400
40	500
40	500
49	700
37	400
46	400
49	500
40	600
43	400
52	600
43	400
37	1400
49	500
46	400
43	600
52	500
46	400
37	400
40	400
43	400
40	500
40	500
40	500
40	500
46	600
40	400
46	500
40	500
43	500
40	700
46	600
40	500
43	500
43	500
37	500
40	400
37	400
40	500
46	500
46	400
36	400
43	400
43	500
37	400
46	1500
43	400
40	500
37	400
40	400
43	500
43	500
43	500
43	400
40	400
40	1100
37	600
43	400
43	500
40	400
46	600
37	500
40	400
40	600
43	500
49	500
43	500
43	400
46	500
43	500
40	500
40	500
43	500
40	600
37	500
46	500
46	500
40	400
34	500
43	600
36	400
46	500
43	500
46	500
37	600
40	500
46	500
49	1400
40	500
40	500
46	400
40	500
46	500
40	400
46	400
40	500
40	400
43	500
40	400
46	400
43	400
40	400
46	600
49	500
43	500
34	400
43	500
43	600
34	500
40	400
40	400
49	500
43	400
40	400
43	400
43	600
40	600
46	600
37	400
37	400
43	500
40	500
40	400
43	300
37	400
43	500
43	500
40	400
43	1200
34	500
34	400
46	400
40	300
43	500
37	600
40	500
46	500
46	400
49	500
43	400
46	500
43	500
37	400
43	600
34	400
46	500
49	500
40	400
40	400
40	500
46	1400
43	500
40	400
37	500
40	500
40	400
37	400
46	400
43	400
46	600
46	500
46	600
46	1300
43	500
49	600
43	500
46	400
43	500
40	400
43	400
43	400
46	400
46	500
43	400
52	600
43	500
46	500
43	500
43	400
43	400
37	400
52	500
40	400
43	500
40	500
43	600
40	400
40	300
37	400
46	400
43	500
40	400
43	400
43	500
43	1300
43	400
37	400
46	500
46	400
40	400
46	500
40	400
46	400
43	400
40	400
37	400
34	400
37	1300
43	400
49	600
43	400
46	400
46	600
43	400
40	600
40	400
40	700
40	400
40	300
43	400
46	500
40	500
40	400
49	400
40	600
49	400
49	500
43	400
49	400
40	600
43	500
40	500
43	400
52	500
49	500
37	400
40	500
49	500
46	500
40	400
37	500
37	400
40	400
43	1400
49	600
43	500
43	400
52	600
37	400
43	400
46	600
40	400
40	400
46	400
49	500
40	600
46	500
43	500
43	600
43	500
46	400
40	600
40	400
43	400
46	400
43	1200
37	400
43	400
46	400
43	500
43	400
40	500
37	400
37	400
49	400
46	500
40	400
40	500
49	500
46	600
49	600
43	400
43	400
34	400
46	400
46	400
40	400
34	400
46	500
43	400
37	400
40	400
43	500
40	500
46	500
46	600
46	500
46	500
52	500
46	400
40	600
46	600
37	300
43	400
40	500
40	400
49	500
49	400
40	400
43	500
43	500
40	400
40	600
46	400
49	500
37	300
43	400
34	400
37	600
46	500
43	500
49	1200
43	600
52	400
43	400
46	500
40	400
46	600
52	500
40	300
46	500
40	400
46	400
40	600
27	300
43	400
49	500
37	400
46	400
37	500
43	400
49	400
40	500
52	500
34	400
40	400
46	600
46	500
40	600
52	500
52	400
46	400
52	400
40	400
40	400
46	1200
46	400
46	400
43	600
37	400
43	400
43	400
43	400
43	500
46	500
43	400
46	400
49	400
37	400
49	400
40	500
40	400
40	300
43	300
40	500
40	400
43	500
37	400
46	400
40	400
37	500
43	600
43	500
40	400
37	400
46	500
40	400
43	400
46	500
37	500
40	400
37	500
49	500
37	400
46	1300
43	500
43	400
46	400
52	400
43	400
40	400
46	400
52	500
34	500
55	500
46	400
43	300
43	400
49	1300
46	400
43	500
46	500
37	400
49	500
37	400
43	400
43	600
43	400
43	400
43	300
46	600
43	400
49	600
43	500
43	500
40	400
43	400
49	400
40	400
43	400
46	500
46	500
40	1300
40	400
52	500
46	400
40	400
52	500
37	500
34	500
40	400
40	400
40	500
43	1400
46	500
49	400
43	300
49	400
43	400
40	500
37	500
37	500
34	400
43	500
49	600
52	400
49	500
49	500
43	500
40	800
46	700
40	400
40	500
43	400
52	400
43	400
52	1100
46	500
46	400
40	400
40	400
34	400
43	400
43	500
43	400
34	400
37	400
40	400
40	400
49	500
34	400
46	400
46	500
52	400
43	500
40	400
46	400
43	500
43	500
52	500
43	400
37	1200
43	500
49	400
43	400
43	400
40	500
43	400
43	400
43	600
37	400
37	500
40	300
37	400
40	1200
40	400
52	400
49	400
37	500
40	400
46	400
37	400
37	400
37	400
40	400
46	400
