457053
121244
74397
53367
-341288
250381
101913
432436
28188
-42431
-204996
351884
369805
117487
-293039
-215185
359676
-214793
324223
487342
451595
67230
-386668
305652
377616
-139939
458723
-388802
132768
-199974
166477
450484
349938
11351
241289
-120295
268807
13807
457475
-130521
81833
456963
-160499
111307
300626
184986
-456468
34827
-72356
-495906
-211286
353771
-358984
424152
-74629
498586
-95614
76630
447032
364932
-100976
472969
254192
-90171
442046
260654
-240096
261006
-397538
158640
490820
170067
-444179
309474
-318005
-163665
328656
-127634
-10268
355813
475432
-200392
-145970
308487
403638
-111808
230600
287194
16717
-120905
382208
492627
-420101
-411346
170020
-128458
230596
-200417
-182100
-340962
352876
-86362
436064
-399163
114620
173553
-314772
-422273
-173656
-401162
-161665
-168053
422230
-351876
154244
-495992
286826
20244
-83846
-271467
-145116
-63184
-292682
108965
-102760
-288948
497569
-6455
172220
400702
-103598
-391283
169863
-132606
491808
-228777
5411
-379658
-461150
-403637
128847
409318
387854
347485
408845
-350107
-50585
330551
322380
413410
181792
-472365
435319
-105164
56101
484546
94686
-16543
-294417
-179729
269882
-195307
497531
-390283
-221996
-124433
-420079
-193675
-292510
-177848
49457
-182660
-285296
444158
263835
322121
9623
280014
-21886
432645
269703
-274785
-76309
335374
425038
187355
168022
-375009
243335
-276793
94227
-356990
-90210
96319
121949
268068
344816
218103
354328
-230250
-168311
490942
180635
-465924
-363513
-341134
490141
-303665
-305638
389418
-440025
-24272
108970
-40167
-131771
296308
166046
101211
53296
100039
-202593
266412
-8613
-389733
-51693
330419
496396
-312236
98919
6469
459810
336470
269789
66796
342991
362409
201475
-206165
-189755
166740
40219
-44160
-51771
162742
-215715
322
-44222
-153464
-50246
89350
407933
122655
399902
62681
198943
88108
48868
407868
51228
112352
198195
-159129
40781
-284329
-406065
156392
-65801
444707
-97683
-405929
258514
-328553
193638
84790
-67757
746
196847
390846
-25506
-238459
-458610
334304
278778
-121870
-61722
19849
-310925
270518
268896
201561
-352042
-183450
-152044
-282517
-499917
-176397
-293953
221488
129032
-96044
-402314
278918
-18494
125398
-417750
260543
-309941
317511
448120
368901
444100
454052
-45580
-438326
-21449
103174
-149901
98702
-449461
39745
-103285
-67608
-443208
247830
-330899
185676
-492229
-293567
-262765
-482607
-80585
-452128
-57043
261787
309250
405736
-123206
-152895
-109066
28121
332987
147540
-250314
-478108
474954
103595
250877
-84967
-321288
157705
184962
76656
-461543
-204777
-315827
418040
316290
-244751
259908
213098
197215
281442
404442
-177002
70863
119879
76544
-412855
203029
-160810
47881
-348422
82923
447605
-474516
-454177
-63831
212227
-314657
-109425
-121097
47726
-246868
221090
454986
-165133
50315
-455012
346104
-446358
-12648
-81843
373724
171481
330438
18807
-477838
-186087
194237
427200
-396347
-136796
120203
77397
359154
279949
288668
137407
242711
-376782
382515
395401
-127434
-43233
-128717
82205
148809
72063
-483250
-55949
335206
233175
-285461
294635
-18070
-45664
-119016
-278194
426296
157851
470521
101733
-249792
428211
366038
-417778
495822
-22335
323141
236854
145123
369187
-131004
162948
354361
4685
-442614
-101165
200986
-120548
-236147
169777
248508
128270
268279
136886
63846
444289
-283042
-480368
-67935
-461368
-317780
190166
-94999
426922
444891
96406
-6850
478308
-186680
-339127
264248
-156797
262453
123582
-152611
87927
427438
-350167
358050
-392448
-481604
407488
57334
-337323
-463452
233438
137751
-308439
266576
-44843
-111720
-114113
-103922
-89124
133018
-113338
-229818
-279364
260603
-143870
227926
-99479
365648
112255
-313336
483705
-491159
-25754
141756
414433
-131083
460736
31077
114876
-392413
6700
-22736
289843
-402404
420781
265436
-269410
-225567
-108325
40049
-393460
-236165
-29655
111773
492512
-389939
104296
-46220
169058
-115981
480736
-63451
54857
185674
-352565
101257
-17403
71798
-376787
-195933
-86390
-262094
-15570
377088
101534
362420
-280528
-453454
161576
-118638
480203
-275410
479489
103530
227461
448522
403168
498969
167122
179581
-300196
-302401
303911
393216
-167182
-279725
-97951
393751
-284636
231122
-365005
-431462
-269068
-352161
230958
-139786
-23329
-224231
-23485
80369
-118697
-258088
-472439
313937
-422940
396607
95045
70809
-336138
23515
222293
29704
293973
152590
51402
188999
-173297
-493887
188137
-9767
-344797
-375557
17879
-487785
191264
-483999
-400380
147142
408996
-244896
70636
264868
-205405
-188400
-168564
247413
26944
37897
-351345
-66915
222578
-338215
213091
-52013
118547
337569
-379340
-377507
138072
293416
-294034
191166
-113631
-120649
151429
-243095
257810
368239
-180795
63489
686
191216
-191118
465533
282020
399280
330851
-389297
-477455
34483
-396655
256399
-469363
266927
-369374
331514
-245889
-392101
-99562
-176405
290030
244833
-249257
322780
145246
-439605
398942
86041
124152
195800
401193
298763
-364800
-402352
-384912
-194571
-346007
-152192
-424114
-42857
58320
-282392
-435348
380953
-440716
310324
-453944
414414
492709
360145
-415721
-331454
-193675
241089
307347
-316651
-319290
5990
483429
-77776
355853
323489
-203018
415156
-99867
10093
468363
205231
-145130
-35300
447400
379019
-84856
-295413
-470441
-131373
66302
374747
-107181
401642
-114297
56492
233978
-55032
40446
436661
-104941
-260513
364467
415338
113596
-445250
282065
27837
-194893
106335
-239932
135827
91568
-326734
417055
-297197
126770
-171150
-104351
110730
-362516
-144475
112608
-102471
-1143
-147227
-458390
499154
-406924
-233100
254740
65434
-337725
-427563
51417
185332
-140186
-382836
-362878
405263
228472
-293771
479426
-246893
389782
-154451
-334894
90958
315603
-309326
-190415
11250
171246
-345489
-171142
163716
368842
315786
173966
354789
150313
239842
-50505
496368
-268752
-425642
189998
497480
280095
-185212
452143
490241
-218422
-52183
-204678
360594
138787
-224177
169820
414662
-294526
-398658
209168
153175
-191947
-392246
432038
-450751
-283591
210861
-100824
-71085
-46868
375793
442052
-460838
-207195
394615
-317460
154811
296081
-97733
196644
-376537
247741
-28078
340408
76766
-76454
-24401
452358
-353268
-302355
-478194
374430
-82733
120463
189257
492083
14109
246368
-35840
-215642
190320
-328869
258287
-304092
-84
-48923
136070
-4385
-331202
-180997
-88897
170124
69995
-113667
-414005
315735
-210669
326667
-295804
-61673
127967
372797
58407
-451426
-470068
327378
357408
448465
-154501
186949
391617
-354798
45482
-90444
457434
399808
486798
-181775
-198632
-479608
-403740
-374332
-372801
143677
-112539
89990
-227095
413594
-445363
366899
-491223
161888
497821
-289246
34167
423319
-474862
295008
157509
376798
-349008
-427986
332736
93817
-137018
-227231
-305039
296860
465709
-140833
-10777
182985
126289
484433
318391
251589
44180
291858
449730
-9621
247094
187592
14389
219864
-124943
60207
310071
-125736
456325
-212148
-425681
5442
-398293
273289
-465630
-163409
247908
-322270
-240753
-236377
-434056
-13697
-159283
304807
-82843
-468813
-288001
132943
-212642
122805
476546
489425
458584
-4818
-35993
475831
288413
-141552
-143634
-53775
-141675
-30325
-365406
-17898
-74534
282594
-215490
222026
66287
417468
-329635
-360784
135852
404242
235581
-287078
183228
-104685
222349
323217
261228
-181346
-84785
113873
-352126
247661
-491438
-485771
357274
-398912
73838
88595
459266
154481
-240376
390428
-350039
244062
296083
38608
-280518
474564
95120
304420
48513
-295466
238486
100389
31878
-424313
428329
-104110
375231
-122592
-461830
-250486
-459970
93064
-253008
344453
222324
61788
365116
-359303
-357501
-192500
367774
-483374
-404080
236372
340733
-437352
-331384
-415377
12092
10778
-242611
210383
-204665
-363372
50406
-433371
-199081
354033
-77829
-33523
-412787
137638
-224166
57935
-483727
-145033
-273778
-238011
-44052
-432871
158498
-203851
-272975
-133956
-379735
-195027
132613
-143867
208982
-450254
-373333
459695
-398006
-428608
-320456
-172243
142948
233897
-319272
-228069
-53619
79903
-217703
297897
-188805
-14190
431464
-482605
-155747
-309371
-33506
443118
86789
-108981
57503
429787
109281
244309
-37824
314584
494461
302020
-463918
-368458
363556
-391727
-311658
-373047
-382608
-59336
-494458
186658
361889
-54406
-419682
201144
66567
225689
175741
340626
365005
273877
-267381
-310120
47851
-483149
-115967
201315
-278218
130050
-420044
464903
-188068
216984
144460
-135245
70687
407581
89050
-205201
-477712
-76519
287853
239704
-179417
-317463
-316097
-307709
326358
70519
40439
74922
-178973
-405138
377177
59953
-334961
-246492
-361335
-56960
382265
101313
-169630
13225
105684
-322892
327858
184939
55038
-333554
315379
-490362
233769
418266
342408
68559
-169633
-291964
-199801
-336841
388347
445663
-284911
-333989
-330510
-136613
-368693
372569
276488
-413043
-486779
202930
-475910
-107104
-464506
142770
-248158
-114733
349295
-116028
256968
287285
-86285
227921
292462
36279
263739
448321
123335
-105067
-350337
475329
-36901
-152618
327458
-40813
-277142
135671
-94290
498994
-102956
410239
-438169
-418883
-417374
-382507
-371138
61696
-417238
-71774
23796
349095
-218789
222544
-260599
-205434
490400
390092
153708
183298
273934
-21161
224850
-367000
-176626
-468692
-266408
-346578
-170455
284066
-388050
-402121
430157
-225545
53472
246484
-261570
297932
-460750
-199051
161463
90106
133431
142031
-297470
-430585
403038
-196701
207938
-30429
99043
-251389
-432881
215355
299206
-294174
203548
-49076
57845
-494541
-195413
216785
-266264
-399384
129814
389731
74510
-296714
-89599
-350601
-175535
262111
306033
415871
92356
328072
121392
-85436
-33228
207013
666
267850
-101120
181787
116524
287303
185848
-498216
449025
446037
482931
-216083
-389703
347632
-351783
-53312
312440
376204
381233
-192269
-1048
111657
55136
-484738
-135957
-475206
-138152
55188
469630
-71140
-109427
178121
436325
157312
42295
224374
232630
461951
-253637
490014
-84354
181260
289953
-26609
-213063
315723
197262
-430978
318819
-235006
-497602
34598
379168
131284
-51496
346819
-263041
-326061
115345
383124
66099
212101
228533
218902
181719
-484439
-64143
-286469
40919
-1761
-350410
473678
119107
334482
148445
-271446
133377
-44782
8760
129336
-273995
249181
91759
-6168
-356026
-306108
-247794
57396
154561
71640
-346511
362508
-77649
387740
75159
-478146
339631
101395
381149
223634
350047
-195996
-119587
-487193
134378
-464651
-343586
78260
-362236
-484957
67902
-496501
-190764
184783
-469377
197141
-402706
106350
-121931
-490344
199358
440975
69159
363945
-201711
447611
261648
-419954
35736
-319204
302325
-42119
-229997
343212
498550
97149
245106
-446265
130372
-120354
-341822
128621
-461530
-483131
253850
-158266
-219632
74608
497221
29025
-214103
426152
-419004
-166759
-337483
-342875
-492161
346656
302188
47470
255513
402891
-276366
-110115
80271
-206818
-352659
-430965
-156960
238227
-354611
-477774
353303
-466404
-165873
-70339
117200
-95148
485000
241284
-450820
-242006
117261
-62806
-339326
-308571
-393960
239917
474610
-152349
-409754
-150602
-68836
425939
-3032
155284
-151994
451806
-187465
-203787
-422564
-295401
325110
-117996
363091
41558
-60290
-327714
40564
224827
323685
13792
-350914
-242724
79289
378687
-274439
163707
359562
-82516
-462438
-384066
-155153
-457279
278521
-206695
279398
-306659
296179
394788
331080
94709
-245524
-225719
-118180
-474431
-260577
-242224
-17486
330705
-288938
-180806
-386713
176930
376516
441058
78452
339994
-486792
-333104
335317
-368634
6662
-435869
-193123
-73690
383970
-440568
260716
138537
421760
382860
149919
401680
-13315
-337156
406458
164196
126770
50912
53583
-118209
-426433
123300
160903
270
237869
205928
-395646
-38223
-14038
-300063
-187027
38596
-31443
446880
185361
-98632
41356
165822
140968
-37812
363870
19012
-165231
-301738
92335
-81524
408679
357951
192869
272765
279001
-321339
-207376
491298
366415
-495235
159532
-286911
363521
483853
355379
-92623
104668
340800
-157767
-294435
-146236
-418226
-161099
67016
-141998
-135970
21950
155722
-171087
-317581
244873
-389547
106873
469791
309374
-272018
141177
-313954
464360
-52891
-424980
-20658
231039
420594
-336803
43051
356645
392844
-29939
363291
184678
-436969
296261
-345556
496113
-393436
-435006
413833
-76076
-447821
-38006
-308199
372321
-232379
-31781
-130337
482525
-106208
50135
-34368
78403
185402
-320235
-252490
-301757
365574
45116
-278945
-227022
282521
281357
-115822
-253446
368321
304047
-10324
450714
143000
358000
-57001
344358
-218494
208796
-123410
-193299
66869
498713
388608
-466184
-110269
164806
411416
229787
-177423
-25903
183960
206471
196458
169314
-157741
210050
-461374
-61640
213460
-222150
191400
-78384
-498499
-304463
425829
253492
-313843
-327361
387994
-301956
-377644
183439
-228389
283219
22867
-469348
197370
464316
-264941
-419124
-102267
254393
-18831
293700
455204
-52102
-478380
120402
22880
33495
22139
-416446
-332123
-356956
258042
-134551
221492
415891
172775
31117
294328
-28820
222905
-409208
-79746
275495
-112027
467016
-369958
69273
-298773
73269
-376349
172505
-334007
133708
109525
-71155
462506
77855
-190000
266867
421310
329314
93732
-141709
-158142
-425735
189351
-364887
-131242
143292
458806
491161
-196865
-30752
-235318
338242
422859
194138
-447437
-186943
-387041
389724
387765
-161702
366278
-470753
335115
-70210
4553
301922
-248844
-388716
291268
97103
-229945
-450517
-39703
1659
7661
54101
68041
451960
-217426
401248
491878
-239050
458727
33138
-156040
-398847
350963
63109
47003
-333935
3144
-327818
-172538
155202
-452125
-78187
421513
432228
287463
227301
-139388
190882
-402249
237199
305850
-269915
-250453
146372
34205
487387
266843
-466209
-155234
-190892
-3345
-339121
-150690
45763
152216
-207775
-160819
453094
209467
-492339
-320837
51760
-313859
163229
469102
-447080
-486549
-371735
-464661
-307732
-77713
176768
-333497
-168321
-491018
-56447
392069
485470
420130
-330983
-482931
-492591
401627
-448783
-427353
34909
-206040
-100167
319729
-71483
423994
-56133
-48201
367569
-257092
-416618
182860
467078
490537
95343
-22047
266186
-371594
-195450
286083
205181
276761
-487085
-230705
255901
-84529
43823
186554
199435
164192
-397001
-212484
155429
44224
-216704
-201343
358839
-257447
-51900
-156824
352906
-451939
416422
-74003
221142
-189483
342574
436562
216553
484858
434225
474618
162854
66484
-315081
-312016
300330
497651
110570
-273661
-171921
-69247
74208
361365
254724
71162
159191
301093
-188698
190504
-291633
-264905
-397161
-199402
85107
-312758
-120691
409021
431896
323984
-208075
-260871
203092
468681
267386
290525
30753
-293713
180533
140438
-454140
-372269
-165049
442043
-377996
-40345
-128576
162770
134605
-447354
115772
223728
-264079
459955
-449611
350857
334584
-371297
-452043
-370989
-61808
46842
-258834
-37841
268346
-458254
418812
386011
89871
-190000
136573
453798
-490671
-326904
309798
-278385
-407249
-50
-83954
-303381
-471581
214740
76680
479596
217798
-182649
209699
-267256
-383818
-116289
-349942
-465761
364326
84672
119114
143078
253376
364534
191426
-309199
-152470
54166
-45036
341132
152443
-141304
389922
-485703
-437928
-143971
-398334
359577
442596
369987
-65083
-222051
-380636
340675
169198
-54044
-278803
-395324
449592
472735
-193812
319022
342247
33929
-55951
-384623
420695
-430542
462329
454681
86833
-93506
377282
-432450
-90414
-25311
124879
311982
-375424
-382456
83478
257520
79750
372066
-463159
313723
-165242
488213
-335313
260935
-174040
-109713
-132279
-387449
494343
-255605
234996
-159447
40176
-210770
243755
129889
16092
-388176
-154672
-7722
299428
-394373
-64584
266318
-405047
435163
-166931
258355
10751
449658
-200144
37291
-77135
-362517
-180745
186607
298394
393899
-174026
-361866
-117857
-413480
325914
-435350
168423
146025
-120286
-307810
-122406
-315831
236251
-192040
-264115
446665
-2710
-313945
-282478
245566
-429680
130738
-450307
-116173
-176021
345780
203778
-15798
298842
378443
300384
65291
46130
-42036
-158983
169444
167840
-349088
445908
340389
-85931
-110366
325297
-227083
-243288
94978
-459405
-487450
203522
-189168
-277782
170085
242428
495500
302470
234050
213258
373794
494702
213508
-407482
-456323
-295923
24358
-353445
352649
-209368
-255871
159450
-88406
-378066
103477
474187
497530
-349562
-142983
-100868
-488118
-170181
481696
126579
-392994
44850
487986
-313877
-428594
371019
-2840
-387235
-427253
-97058
137471
448261
397875
-405302
242655
413826
400323
-459390
-201925
93343
-31692
391541
-426962
248477
460046
149681
402205
450498
-281775
413853
-365332
58414
471754
257770
356192
-301055
160505
315224
108310
-188878
-22542
319068
-22693
6760
212796
294965
-393128
-32220
305733
-153805
-99939
352332
362381
482436
-80618
-286079
281806
-256701
-231761
-248854
47424
-53559
42648
300502
187178
-249467
-220984
360550
-116511
364832
-308033
93056
-277243
160087
-104387
185192
-385766
-360497
232305
176545
-20644
213915
-205138
355734
-84796
-8107
221364
-386383
-330503
-156679
-133885
203543
429615
324188
5922
-296111
124400
-339443
-172123
-396010
-334966
-118627
62870
-158070
-189912
362601
-221407
311019
-370130
499253
26345
-178413
366487
-42747
-252023
255657
338580
-26332
-407638
-315676
423465
471710
65299
31091
-435506
335980
-257650
459216
-302331
53796
111035
37000
469159
70064
-22977
392278
124103
-374029
268284
5773
-12869
-444105
-498056
-487258
26353
-497702
140358
-116710
95081
274921
-443758
-366007
-420674
-371480
350956
286903
344175
-437610
325843
136775
68458
355400
493318
13295
284578
-58263
132655
132353
-300723
-94518
44784
318847
-338965
326250
-158908
-146741
-38795
-56579
313138
-54809
-491601
-376870
-326651
369310
-200446
-89942
-268829
112597
-473955
-474904
-125156
-23465
99573
30376
65842
-46147
360046
-475265
-78783
-143339
236489
155508
358472
111282
-327955
436708
208299
-145162
-304578
-151065
-337649
469578
123690
-37008
416474
473236
15093
377054
-105822
247085
-344395
86295
-9201
428184
-440753
-485742
365742
-81797
-310284
326843
428335
368499
-130352
322676
-187755
-310439
133917
147631
314070
-397330
-395384
316757
-16336
-497379
317939
43350
296834
-67457
316960
-327176
115587
-214636
239332
98122
446636
-58826
-424756
393762
-154100
425719
-251516
47195
-315189
332498
182274
-410971
393731
-310612
-448439
127771
228377
170472
494731
280078
67100
54718
160298
254106
240048
115351
97835
391427
415611
187299
167526
302052
125245
4752
338961
-162534
-405336
-473091
477347
-461815
167575
377159
474111
-134811
-242465
209488
368879
478685
444142
-214464
431145
63018
-458228
296803
-477552
-286870
212113
-1321
443673
-304157
-33707
-463579
387160
478325
207947
438006
59531
276452
305586
124695
-481242
17383
-449314
447395
277726
-466475
-242558
195393
-233370
9149
190708
243752
-182230
186297
-29401
6619
438940
-396827
95382
-354033
-224696
186118
-251274
48706
-175262
-154643
-387021
-70100
167923
334993
497139
-454281
-298037
-470543
-293714
407065
125109
441311
228663
73227
-289730
-240430
-2679
-425334
-273845
422898
195039
265017
-282439
-241212
-185460
-65371
-259973
17548
460290
-168626
-440865
-290851
-316040
-170689
-228956
11199
-17550
361610
-221635
-341928
-44407
-108482
-435725
143899
20054
-366503
247811
-223599
-493401
-43499
474586
103729
-70183
402239
-200329
-496761
-287422
-466417
353223
268829
-328127
-108330
244460
362708
128380
185073
355835
107691
-410982
460295
406873
487816
-430131
410129
425866
397874
276339
164884
57674
136555
-461982
-118789
457195
-326710
-392355
194211
-129438
-264583
176773
130796
389949
-439773
235094
395656
-217095
235461
206069
36016
-256614
-87737
128451
367274
389254
-183885
-478599
-301158
339754
-95778
-29656
-161968
246531
221823
401380
-430491
223049
495330
473954
308830
219809
266752
-485333
-89176
26541
-78262
-60460
177003
247590
292663
167673
-48997
293022
128541
-383812
-183087
155479
-384866
484473
322702
-498357
301493
-314783
339332
397166
243280
460297
-364086
-194739
-91474
-68379
2254
-148375
408132
80033
282340
-267782
-88740
419979
495776
55425
-315185
-56864
-181037
356418
56658
-258778
-426268
499082
-256295
86350
-471594
-310337
408970
-353342
-245279
-133677
15707
-54337
3784
300087
-467872
135689
65190
345198
-193190
-351135
-144311
410675
-17252
313601
47223
389950
-352922
80167
-111056
-18308
23906
-414168
-496302
-437493
-90766
408245
346823
-469019
-280175
5146
-296540
332554
-18001
19126
70360
-303966
-178364
-161895
19185
-34934
-466678
45343
-329587
-208297
104382
-332768
220569
-125803
-351314
-67268
60139
-132494
65408
-404693
-104490
72459
-120383
-263698
-54443
18400
144287
368166
-278071
-405918
487581
86578
121803
-47051
-125537
482431
-437087
21445
418401
17818
-327201
72765
-373263
-405434
-392200
493533
-207639
99511
421935
-432826
-145220
-202327
31888
-174737
-54847
-437430
231464
276958
2809
-417569
-102584
-383364
304827
361619
-1769
331134
485592
-451412
268462
480597
-360106
364785
443415
-189377
400931
183393
-237549
-231480
463728
112393
43943
-57240
-115207
273417
10867
422203
-369540
-164017
-296793
-419467
269228
-233887
-248094
-168683
407467
-320961
8758
-29557
453250
147565
-472366
-174824
-440333
310857
174649
62919
146807
-347173
208399
177758
230727
374941
16045
-130820
-101961
-124777
-182919
254885
-343613
463330
-446216
-381563
63928
-408933
375866
-317557
-4996
-441707
96541
-280624
134561
-133836
-251782
164573
-189471
132748
-101750
-220208
71088
-239477
-301344
-169254
-6971
350871
-261573
188300
-432405
197683
-356950
-259415
151928
60242
23075
12028
397010
-184938
-187956
425399
-232874
-483021
253809
214194
251221
-138292
-199710
-404717
-366859
35243
-37139
445468
-264459
459913
-275854
390720
381445
2532
461620
-86954
427687
-202959
460476
-192404
116139
-47844
377
81308
161449
64000
-310758
174494
448125
-365685
186907
208010
-54846
206782
-287500
-188760
462929
277179
-238434
-30128
175140
-192567
272502
247521
407348
479378
76543
-318504
54356
-339099
-158469
-369416
130050
425298
-123055
-138480
376263
-135847
106122
200810
-438691
364610
231334
149895
84178
483953
-381640
-35821
-232994
-452580
-290576
-169782
266237
119740
-163140
-59563
362082
56448
154537
460987
496117
-72028
30137
-384060
318577
227665
-351473
369752
-320323
-75624
-235014
480050
453410
-399247
-483217
13980
-182327
-369502
-47469
-226014
131071
-409168
471010
462618
344720
380950
-325366
-168951
-33622
322840
237405
-497780
-45373
-142220
263269
-362868
-437559
319990
267907
121543
72280
-331654
355562
490394
-430991
-12327
382177
378552
382239
33125
-102883
-110955
-403659
84261
437955
-96312
74178
-100143
316316
26097
-230236
-379808
377453
-456652
-284653
50404
342232
-479949
-39925
-123272
247447
-102519
-89797
16782
188804
260351
-25060
485827
40714
-244833
157366
-127285
77950
496594
246450
-237485
456480
-317865
-435935
217161
324266
-449675
-200015
-268851
-72472
264094
328208
-83800
453957
-221631
-460454
-462975
-488382
-240201
148266
419675
80671
-333392
134710
184676
494900
167735
-28906
-280972
-489117
183078
44373
-205673
-195055
-39626
-262134
262698
301493
-230677
462414
-182148
-418945
-10154
38276
395521
242288
-401113
220462
-94298
499543
318987
-166842
138510
485920
-18120
-67088
366158
-298407
-18359
-344324
375445
-201928
44493
-80664
408345
421372
-73880
-48742
-237337
150449
62395
-310532
-389594
-337920
-354249
466411
-71545
129270
76888
25896
304228
-482459
250389
-153411
-221502
-118102
-327233
-50363
-181836
-12966
-17170
-146752
-26308
-425727
46746
103726
-230894
381003
433992
-139721
-103165
-418182
-254599
340014
-154642
-334692
-39172
-460061
-325457
-113560
-298510
-455713
-228304
341654
60802
-101539
70796
402320
447600
-15110
398016
-288103
-293084
71487
318555
203126
-363999
-279982
103001
-376172
-102881
-460514
205809
-126697
243608
-151200
-45822
46138
-77935
-326695
-17493
456114
90992
-358639
315798
70201
105081
-229970
-95256
-278922
-445699
-166996
-154051
186321
18284
-10721
482626
-276552
-400967
-382328
74269
-67879
428731
-149878
-251779
-121581
-485452
125848
1727
260708
478518
198747
109981
22679
-21768
422047
413808
226305
-147261
-192933
-389924
186005
328220
307051
-151425
-165046
-60807
12379
-348986
45516
173578
460059
410962
157988
233773
58281
-492030
285276
-279139
-294114
-125255
55931
495420
46959
193233
333879
445934
442388
-236448
110438
404547
-336970
489163
202687
-9998
-486734
352371
-388019
-271132
79081
216073
397364
408689
61374
-219075
-299095
250498
-296927
51448
125376
153152
147749
-279685
9533
-41728
-322251
466893
272107
412065
171457
284384
402958
259141
292219
-400770
-131761
-306572
375443
127154
-333823
212613
-284123
122141
21064
-224918
-26455
-82231
235246
42071
-285217
434769
-467603
402845
-316193
-365649
320095
426951
260705
-266321
-324309
365178
-296732
368173
16648
329619
192946
-215417
-144907
-176727
409369
-420449
255939
360907
343119
460251
119023
25487
323149
-3145
-312160
-61827
-216962
360992
-249023
-214971
119360
-399935
-152911
-260185
105866
84123
410182
349772
-281311
380265
199258
210142
-99302
-41161
-455202
-456848
-252774
-183519
-85673
118508
-169306
312867
50264
305008
-101668
261264
465490
426596
-25027
-412652
395514
11309
-17928
-323548
400917
-32205
344378
-133696
-310347
201638
-302635
410470
-113958
-307460
-268702
-362850
411798
-406622
412003
-41370
-135902
483551
303675
-151392
-223276
-488534
485709
-102221
-67467
-205144
-396606
-417535
-41048
112665
-78629
436758
282958
-381495
-140838
-94438
-352028
33216
379621
274034
302291
-467094
-225928
-281569
-342772
338806
-158076
-296072
-317247
-163348
197994
-333027
-440469
-94248
457297
162854
138358
21778
344939
433599
-428439
-387704
357869
-343031
75593
90339
465571
-25763
160104
-31060
478386
-237382
-184112
468205
135013
-482415
92696
66693
-335155
141024
217570
-479992
-433898
393068
-94694
-27819
-392588
-241401
-205035
-80881
-391753
3860
9737
-51525
382778
254268
-317741
376576
342070
-488613
-86602
130591
-358903
145269
39826
482876
429946
47730
274083
-465457
-277320
-187230
-249351
-333497
-367368
-477659
-237554
-471156
239592
458748
-495514
-476855
152116
339434
-45210
147397
-92683
475533
-382527
19478
-289117
-407480
-271131
-127342
-338379
-80591
184766
325426
-472311
-447570
-114678
-232041
345810
29683
413940
278802
-399933
-484708
-32590
87955
-496487
-15354
236739
-263746
-46324
326813
-498277
-253958
62131
335801
-453116
314392
-231335
149317
132494
267672
-57836
-188204
-338433
275037
-456783
287911
372187
108498
-122498
433435
-145701
-441537
-295596
142212
-58986
466212
-18109
131214
56758
218566
326540
-399979
-81965
-34991
-153293
306745
77306
-236144
-132833
439363
176500
-158423
205190
29510
-66177
158168
80828
-444698
-173906
-488476
448311
-189675
148509
485025
-479187
77909
-365282
-354864
-472587
142935
102334
-470472
288984
-302161
-347502
131379
28782
255156
-203240
-218308
-56103
-234131
-489349
-440936
455332
-239069
-379593
-384846
-272688
-17154
117874
94049
512
154750
-31667
-354875
-480695
-253570
-273088
-118571
349635
339826
-188441
-480488
182097
471035
-406046
351568
293762
-368585
-435494
-352883
202784
447395
-296463
58935
191304
-73294
-151992
-383192
-204898
58138
281575
-67399
-437501
-17305
-4456
311583
-129605
415786
69208
67329
351911
-6585
400352
-28576
-462046
-260411
-419898
434172
-355863
-92031
51090
-291161
44848
37592
-186134
139451
-132179
180736
-146328
231022
315450
-89648
148243
111057
-226798
-104806
-413031
-227481
-499231
-457310
382732
340956
-281706
452716
-409981
492297
197772
199917
156284
62820
48885
267812
-471617
-160839
248854
-205090
211748
493680
-392495
161148
-162663
-360623
281589
342453
229715
18513
-343490
391816
-310472
-89556
398942
367266
204406
-53333
-249543
-479787
-415232
-345100
-319913
-417898
-415721
219029
342902
-457038
-90389
138079
401984
402334
-350006
-305148
162807
-8728
64375
403728
141890
113444
-147591
-102879
-354325
-65856
5269
31366
170927
-242206
83243
345402
-45395
77824
299268
389332
-201098
57115
101087
-144945
376403
402927
39404
-112609
-419500
-62885
-414609
431709
127917
30612
218133
-17179
-456964
470578
-458894
-360053
-142271
259238
406414
-56107
-154100
305419
26632
-424955
378389
-37109
-163822
-375367
-468135
-105950
427723
-183263
414342
-206801
233834
-245214
280401
90483
-249999
-6138
400680
-124162
2468
498885
323174
-68410
-347252
-161176
-382099
-56870
-399610
288328
-68144
-331103
196630
-139234
197826
94144
213686
180375
138422
367339
-471997
16360
-214174
-376289
70446
247959
-401899
-362612
-27552
7130
-105494
-388258
-5713
-245759
-244903
316921
260221
82199
234026
214283
44872
115780
-278717
169298
-143749
475378
-445798
-152309
343055
-91727
-472008
-86008
-382668
-144499
-216477
-292670
428305
418705
-338923
156215
249206
418907
-499713
312230
-253914
497893
39385
31949
286151
-497010
20966
17083
112825
-282742
-153180
-365242
-434250
-150310
-359006
-317019
256152
83778
-121880
-459191
421495
-102122
-186914
-51675
-221966
-182976
308543
-1479
65889
-266496
298312
-208703
138492
-57854
47590
-400787
-113317
-423569
-424983
325303
-492461
-297228
86922
495181
-371079
-67150
40779
18789
-417004
47689
-497352
481618
-314549
-207795
-207440
-219155
-278151
-304783
22117
-491248
-31458
497498
20181
-396006
-17200
-470813
315390
440633
85276
167927
298324
-294412
-72333
330443
421530
126989
-210621
-197291
312158
359193
279290
97743
-30120
104501
-67891
445043
-198202
-142603
-216399
461992
106472
493973
384919
35096
-239281
297411
-126491
-52295
285751
-90246
-343504
-169089
173302
130922
-17732
85596
337724
447828
176849
-473838
-173342
-330455
-396032
-369775
470738
69011
471130
443654
-18124
-12679
448815
386570
120013
-56397
-304207
433472
-60116
-88339
290866
399481
-197902
-426050
259794
354682
-212957
44122
355844
-490133
385395
-238690
-496536
269503
-144350
2450
346724
-468436
436938
-266591
-342288
-271152
-315495
325267
454733
-447222
-444464
-877
-443777
-221869
-485309
-269161
-46594
115996
-148528
-253330
-176693
-437727
-394271
-328706
223380
280298
-17092
-148273
-489961
-341218
-92733
373745
305563
-180060
409144
-188117
401372
-482167
-128553
-190325
330341
63150
-229111
173821
466856
-361751
441117
284012
420481
125028
-442299
269652
177637
358287
499053
-414677
-84618
-461550
472763
328788
-337626
390145
313314
-111525
14329
-463118
155134
281779
-75251
477075
-236074
-148758
186423
493041
169639
-177490
-404783
-197965
386025
-403802
-55185
267257
424558
-454841
-60349
26762
-485369
-480656
-167085
469488
427263
222342
97534
90198
66185
116864
-279750
-111129
37969
-459169
-227621
145144
-257951
271410
-244410
-405285
-368257
-138747
-153013
262075
-310931
-310674
-424975
462863
-171068
-181805
-353744
-220987
-97593
430221
-387355
131301
204176
-172898
-179854
426349
-94227
-279700
-388524
-361063
-365847
-185624
69492
-394435
494210
490836
-317681
251450
194195
-262906
187302
450692
-425392
333230
-491825
228131
-236019
-291258
138200
-448514
389082
-187974
-458123
-466409
-247600
-202627
148678
467166
-343612
327304
294616
-251730
-398204
-187409
30803
409669
416514
-32129
63000
-318351
-18289
-352218
212043
-274714
-386370
46619
-307690
442052
-167690
-6021
193860
53612
-297482
259505
223591
-33025
-332376
491778
411739
292724
-186332
-340486
-477717
267812
-201219
-362284
-280706
-250549
262183
-112968
235970
-107075
387372
11499
-30885
103692
435655
348049
-321009
362923
489121
-359487
413022
65660
346151
281570
491489
-417905
497994
-432009
-105640
-145040
381495
-92347
170625
479865
-349073
-58718
55003
-119587
40977
97486
-178450
386216
-496692
186586
29745
249537
-309342
256907
-274160
-105051
-464608
86601
350679
-13418
-376584
364760
-424976
218709
299783
-172548
34282
88020
-41087
357511
466870
289689
-229846
331332
73825
-205581
168601
301521
12085
109884
-198655
441269
-190229
-292419
260971
44383
149074
104844
-138974
-225613
-99183
-368132
-87854
286731
-485556
484804
443045
310101
-131741
268618
77028
265926
466864
-132895
-177355
29658
436287
142550
-133873
493026
111987
-336190
63679
173386
140921
389072
-276786
234449
-73947
-11562
438023
-67889
-69796
281399
188998
-320277
-174167
85686
-332716
-360892
-271673
-373618
-214056
-13251
-217393
-461906
-352990
-220983
186342
407952
-190602
-354035
327773
-246497
-436457
380112
92117
307105
60191
-145166
-452197
487266
-436351
-393646
162176
-22700
-196137
-155959
416146
403090
387115
-384412
188105
204203
491653
346826
-440207
-73595
-377546
360
-239837
328687
28452
-347149
-191901
-105803
495856
377690
40755
-438035
-377178
-62000
121571
-244812
353586
-55750
310437
71783
-495723
-188469
-251746
324276
247939
63338
259088
-31403
42969
271982
-294645
345149
286936
200068
244922
-429413
56931
-486769
-66198
364955
-342095
-228846
-6008
-423524
342038
272119
-276640
-325030
485111
-274275
462833
25009
-290159
-340944
255973
321136
-68408
-76438
-163075
170042
68431
-337014
364994
438406
205336
-372835
-112408
-349898
331498
-227845
-142057
412772
379995
-325948
160040
-418636
190713
402054
457
-375098
190250
145710
-284849
452935
36629
71972
9114
-220709
212015
-400410
397710
-46655
-436779
-478468
-349269
72825
87619
180550
-146278
107153
-158755
208654
295839
-293328
-293876
178182
-230543
350599
-104432
-119669
23991
495391
498946
-153616
54905
425163
71608
157608
-371483
-422808
260925
-448386
-55716
217979
-273926
326217
-381572
479221
156997
-433770
236236
-72008
27112
-225778
-434888
41811
-175361
73313
146426
186754
-100917
-231890
391455
-44433
-267776
199382
495127
12796
397049
-491262
451084
-84772
203468
141408
202502
-271550
46197
-341479
495346
-355814
-231903
-295466
314221
218036
-68696
-218717
-124286
293582
-251099
-183091
30060
156346
-428580
386174
-420743
-30120
245349
-161960
458153
86288
-135061
-482942
-55165
394820
-76110
-272937
67546
474630
-359814
78770
157672
-48319
275118
387351
61712
124735
-403304
341675
-130021
-378286
247956
-246140
145674
-424800
-327671
315900
-454751
-435296
421000
439603
409414
363294
121396
-63333
373925
347529
121197
7699
300196
282127
-161073
252130
-141936
74643
150005
185351
-93517
10415
-283745
55127
412654
-75629
27192
-413793
26086
-256211
63068
-349768
-418725
-155060
-87573
-242528
-258774
-293475
381089
-302461
-286295
414152
-385175
-381791
473125
-327374
24522
324571
203183
116587
350604
-394788
-261165
-124867
-467549
-52271
-369055
-457742
159003
92867
82899
-67406
-331686
494660
415704
260615
136613
-96591
-93426
-328406
451644
-30998
-184257
373826
-99704
-26030
167192
-25760
-282797
-451149
381242
3205
-61167
496845
170388
29522
-13328
-339587
204546
212721
-236540
99365
-72202
-382547
-311925
-281799
-434025
123486
17448
-120218
-197090
304872
8063
473211
-177128
223131
-45110
365578
417725
-318134
-87765
160483
-360462
123967
-51161
-289373
42870
17656
118635
-112570
-94309
273849
-61035
-302445
-56173
-35088
59607
-45634
-58873
373639
-21117
361779
405931
191342
117135
48633
-165769
-494810
293302
303578
410813
67536
-333156
-496273
11990
223726
-494833
4618
186902
-210111
-284193
64825
389179
118573
-57076
-284655
106691
-432426
169331
-147852
-305653
-403906
188097
-270354
-346618
-247555
11852
463512
-179703
-111233
273314
113180
429595
40768
-62880
407548
296687
-455684
190924
201797
430790
125707
212809
308917
232427
-101228
-377594
436430
56037
429457
-185259
-423012
325505
287398
48666
350898
-421172
-206069
115824
479355
-212071
-2622
-348550
-221006
50550
258914
-335060
-188389
283416
216155
-334055
-402717
-140685
306592
-159158
-395231
225498
479367
94808
-429982
416747
201341
416317
-438239
33693
372241
-56279
112562
-304542
303716
317690
164404
195407
488382
388644
39749
-410215
487519
114872
-357758
231207
-100151
-465053
-384439
322515
38858
27087
244667
-88854
-357564
-321476
470546
370224
-333881
479450
-492256
319766
-29953
229111
203393
-370133
499732
495535
457112
-382530
382091
-294088
-266967
-200682
210663
461102
-61586
-404126
-322211
465703
-282287
194488
-373487
44134
-483395
374852
-458703
73596
-392576
475680
474149
306345
-364402
-161121
411572
476574
146102
5843
127774
291301
-20375
-339649
-359133
389998
390001
-186618
491322
-375665
227720
7545
195755
-442791
-441361
382167
394104
-90614
-357254
284866
404627
-207603
284744
-258566
128610
-42062
186342
-496976
-494477
-33101
79589
-421833
9358
135204
101249
126823
-1778
349058
80118
344697
81713
358716
152353
498216
54519
-42167
394289
-415882
359578
-465526
-32088
182245
490556
-159724
-388979
-53814
220848
465812
172334
-166425
55135
433080
291160
-383616
-160432
-479852
251937
431238
37924
418309
-494121
130774
-216349
-411255
345075
-20724
451444
-266507
-261111
-200678
157120
124673
398054
20890
290765
-353764
-281091
210321
-84269
294110
378241
-436176
-375201
53498
-1238
-461390
234906
-473864
485760
264559
-476902
415702
347529
-369806
58891
-3813
-444797
-30951
72085
-14182
272158
85971
210016
-171678
88732
-42412
-15405
243591
234931
-182807
-313004
51449
-387981
491516
-443361
-304928
383201
-204689
31154
-405313
294383
-490596
-24676
447582
-142195
-31103
-110506
-143011
24576
-429659
231796
220306
-3447
-429746
153499
-363775
383586
392046
143140
-299367
-786
284403
302606
452835
205889
-418599
237130
406421
-129619
3093
-168787
-446751
-329455
405083
-496259
464352
-293354
136478
-111836
128192
113543
-302029
267323
-35501
-355525
-294856
-492396
-468925
2820
256940
-316638
-198706
35197
-314889
60101
-468425
-232684
317751
-386302
161042
-336484
328497
-197041
-110387
421527
-37358
-115851
66139
75930
432475
-341390
-215150
176929
-443688
178412
-363868
335508
-220809
-399986
-113134
481671
-442054
72173
-24190
-230622
219301
271945
101190
179980
306925
-38690
-149537
-474633
121778
-272902
276328
-267353
-370104
-111890
-441542
4201
162648
405892
406933
-309984
366831
-480588
-338688
483649
-324691
-261082
118303
-141106
163775
-219440
481388
-498976
35087
882
467336
-145238
129886
-100911
-472596
-189535
-199294
295012
345113
-19287
206468
-137951
257872
-18611
-414716
-203224
16255
-375481
345630
-459132
-157325
-45479
-120436
-364142
-419775
-384772
-153773
-12337
-167129
121907
299994
45286
389712
230705
444754
-343092
-101046
-252663
-15659
-343380
-288725
-202483
8838
-443645
47664
-206461
107467
70080
163379
74563
-69020
-418870
-22453
472608
-260036
78581
-282992
-138116
-429786
-465105
483392
86032
-477751
174513
293972
-473989
339338
-408004
69724
-29267
-123164
218213
248115
383304
285367
204485
183492
-382461
-268610
397035
264534
132661
260862
-292046
-273883
278485
-24748
-146101
461986
-220987
33809
130032
-244948
-370644
122070
-385750
-266353
-261002
-66320
-44466
-464982
303854
-98782
-309675
-388644
70252
-118652
-147933
349059
365847
-249378
491626
188527
15689
-99487
-389900
-270408
36036
433685
-79477
-113133
304185
458284
-198675
19572
239514
252956
-218129
102049
-100911
232587
-90739
423988
-209421
-416821
385567
13538
135946
154036
-64009
-38222
281218
-303590
470951
93659
440860
-180050
-261063
-21634
-10312
101837
-168068
101136
70869
-371855
-398413
128968
375560
-127024
271783
-405801
-432215
228179
-207923
-7187
-22315
-315135
-233505
248451
-133143
137698
113523
-271572
-218573
-466035
-34430
-485359
251705
-378476
-299958
430183
371628
363375
409213
401484
-403093
181170
-437691
96206
437676
66053
90788
418724
-410359
252422
-363363
367843
447082
-411336
243445
-34461
-128189
-41356
341405
450826
-446003
108750
479853
-300498
294046
17452
-105197
-121696
59044
-492143
-336076
-328786
-277015
148458
-102245
25871
-13092
-386736
143419
259784
93240
-420330
-64038
-461216
-401963
-69002
222398
194311
-354522
-499737
204947
81493
-99073
-157227
2343
196507
-458023
-442641
412020
69662
481339
489513
-29071
29648
301119
-255541
459060
294827
214888
-185884
-32693
-11016
-257820
279196
-339967
-398153
-320604
486107
402826
118767
381838
318071
497138
29306
333419
-319131
-133907
-308923
473833
-394190
169509
73038
-222637
-63955
491265
-268439
133128
407012
438342
-17112
-336430
-442154
-281481
-372721
236032
317748
-477602
252916
71818
299848
325542
101799
37667
-195250
47746
-284822
416603
286993
-140975
92688
-301821
-430141
305699
-102783
202634
407404
-155010
316570
159108
87392
322794
-446527
194941
-355297
406919
-443099
61339
-87929
496767
-469280
-180003
73469
170554
-40385
-353995
-394826
-197585
377703
-135736
490513
-415717
-128198
-170230
376581
-178763
359151
-213421
-95410
34025
8572
-104089
-209656
98787
-215721
210763
357240
381520
-16735
492574
131453
-416374
-190018
414885
-202586
-195081
486143
-120368
281464
151770
128843
-116434
-17507
70582
-353235
-384458
200614
470586
202133
239740
-371569
-384980
365141
125621
364118
-294021
-52061
122290
281606
65828
-353116
-156875
-249732
-173180
44596
-174068
-364903
80584
227460
-135447
228018
-489478
259571
-230216
261982
-367439
20735
310581
441700
-96366
463950
111018
-11620
122192
176949
-165968
-459479
-258598
242687
69996
378827
-56800
-214714
-33728
350506
-419828
260787
-216707
56702
382255
-493810
243470
-163447
146559
-204450
-248974
-167691
-18870
-331410
304105
-47783
57285
95052
194891
-138699
-259810
-382819
399120
224939
413581
473026
-106693
306102
-207810
344924
6158
-325676
24074
300274
310072
222972
425233
-304072
489257
-88859
260062
302785
82962
-352635
-416172
-326162
-4568
-485275
-202927
-173282
188641
100256
226931
-359057
29527
36392
-253375
-19612
350317
-11908
171906
443095
398775
226567
-67904
-186567
-495459
-381009
303271
-254351
468439
333252
312593
-56701
393551
-192102
275171
115539
-80035
-430498
-191252
289212
-400415
293300
86469
-365314
453030
97561
34326
-176205
-412471
438199
157363
79849
122932
127331
-312422
-497538
-427636
-62025
-213571
-45872
254667
-23205
-393795
-219214
277765
-492202
117005
-94785
125162
192084
-260106
379960
-97706
-227737
-8167
315608
-144976
74835
-455727
210533
-140433
-170125
324826
99906
201233
214480
-449760
-385451
108828
215065
-131082
-5653
192195
-126853
112540
336284
142315
230388
-491143
-126238
-203478
320806
-408480
-118296
-54173
-128458
457881
-118918
66990
468346
471938
176807
498912
-182112
-12831
404569
451059
396199
172781
-314969
-368928
211115
-433039
187914
209357
-373798
-448066
393834
300381
194713
-451717
108367
133548
234335
359662
330663
-389046
436892
-235841
408054
4983
152009
144792
-481589
135626
109627
-320778
413639
485536
253525
367481
-469440
360303
46479
-33365
29476
382043
77405
-277488
56147
316340
51829
-358773
-460575
475737
279215
-73007
134712
-282616
-415785
127742
-497526
358101
163561
476394
-28614
167078
286389
-106873
-222670
-35478
-107106
122799
492265
254036
84799
-478269
-38868
-252823
220797
79295
50262
-399515
-168910
362366
-222554
-321451
-152594
204412
-58467
180988
-291658
126097
198693
-473039
-255399
-329495
-357312
477670
-125338
63686
338176
95569
48670
-130020
-71076
288310
66798
-398400
396844
366190
368046
-436695
283219
253756
136439
-434533
199971
-260620
-396186
-477341
256780
421032
-258167
369922
108893
-187821
-369373
175174
-309145
408565
-332585
-196283
342959
384919
435694
-348
-39886
-10079
494068
289004
-3137
-361497
-436510
-319345
-352281
162471
-407301
-256268
288495
-326450
-36155
273901
312251
17398
-336241
426010
-177510
-147155
-408922
-113140
256663
-22587
295391
389396
-95390
-361536
351816
-371569
459388
218641
262855
427974
192126
-135005
249175
-168340
77780
343046
-458143
-359845
215365
-359729
-179068
-196649
184045
-382188
258489
-9909
-444448
315000
219368
-395489
-356199
348076
48400
495622
-285875
212726
-469561
-384480
297433
199457
-452146
-78343
-41315
61486
179899
-110062
-145581
-463276
-10641
107871
-319289
318624
-475921
-449145
160727
95069
124491
309684
50212
-169884
-27064
-266316
-250481
-449639
-53405
181357
2486
-484157
243053
-170689
-164762
-195213
-64006
280161
-157889
22214
-411756
31506
161298
54299
-199607
220511
-657
-466458
105400
442501
361496
-45733
-66895
-143038
-275913
183560
463267
240636
-254689
449734
61769
124983
-247427
-241468
-348220
-336011
-332751
86706
-189772
418423
231913
-366692
-400383
-186111
-109598
-129151
146182
-367452
437680
131776
-242342
-467778
-395655
-9977
-62658
251581
69681
-246911
-4047
-143567
7564
-32938
88650
109654
161069
-44924
411905
-193868
-385455
59183
-16677
-295953
-114047
436261
-102707
-494786
-302309
-29546
200276
189650
-199341
107882
-438201
-106611
-475775
193706
-269328
433553
303814
197311
360710
-468960
298232
-451674
166178
-241355
350388
174295
-475573
251308
-32006
-269702
-418351
255156
-295145
441418
-362551
-336684
308771
-59068
84831
-210961
268642
-19808
464500
-239578
-58788
-89335
255811
86084
267023
394171
-128564
137436
195493
-115643
-51197
-479295
330576
40527
438583
-429311
-18581
384469
178965
488253
-243577
191444
-385793
-35160
74563
-181443
66907
489829
484344
416788
-494295
-79614
478668
247448
63513
308431
-427017
-370576
-343764
425709
-225582
-119445
-72234
-94593
211237
484599
404402
427634
-385235
114684
180215
-83935
-449944
74800
-325330
284341
-223046
182789
4757
-126608
-110267
111487
296156
354594
431409
-270962
-178644
-461245
7915
35108
197470
227156
-462369
-123375
2397
-31495
-336562
-255193
75234
344310
-472742
-395273
455310
195393
-438842
-110774
383962
23385
-315529
-498993
44109
-346302
312950
-90188
-255055
130212
-116133
206070
72529
-273037
180011
278029
121789
-91611
-404024
116291
301401
47276
-368376
-382108
360291
-281720
320571
161393
222918
424972
5555
-344791
-59728
-310347
-142059
-276781
-435538
-462326
-194770
184964
37041
-458146
78249
12068
244630
-242426
418838
498230
240173
75429
99180
467038
254143
-254117
295539
-39983
-472809
89109
31995
-3264
184258
-306685
-136090
-320532
339879
-273961
-293841
126806
375370
335549
-272198
463811
-139157
-496814
32710
370662
-91555
122559
-75245
497473
-162028
-472179
-83479
389823
-88059
170714
282133
437742
-445511
-345031
-122411
-239727
-93115
-123435
156132
-131576
-207787
-410246
-208455
411240
162738
321215
88813
302853
-114299
188531
409512
52820
286742
-155798
168326
177709
214940
462719
-432517
158812
-480646
415746
127479
-470994
-265777
39232
245355
321226
458475
-313649
465797
291682
384869
81428
-114183
42813
185104
-157429
130241
414205
489472
-75531
-366811
284071
13061
-352062
-460258
229563
475286
-70997
402425
331104
335470
297888
-11312
-225908
-475550
307082
-61599
-199256
290628
-32364
-285443
-4495
-1330
-75788
275646
-150639
219929
181871
164807
41570
-263950
331431
258708
-98260
140500
385218
248218
70804
-432301
-468633
33252
466453
-294799
342335
-394183
276615
-348216
232108
-331902
-145874
372641
246571
186554
66286
472684
-407126
318329
-135010
-240107
-333910
-337111
-413782
-397095
-284682
-410357
-237841
400508
-293641
471428
34824
-424606
384432
14066
97002
380560
17922
-486208
454496
463939
-187088
-202746
203051
-424691
-471653
-197161
-55965
19285
392908
247446
424808
459170
27259
-410564
482960
458627
-290918
-453678
397908
-288332
-16616
-245095
-190886
256152
316842
-228158
-52993
91964
222469
-495683
40933
-467734
39702
333269
417807
304701
345037
-354220
-14157
-110827
-210366
228525
-490350
-170262
12829
-9117
326129
-209538
164340
-215989
-74959
-61509
482886
-338545
123739
-167641
325363
-212920
402556
369514
18142
337786
335385
-495712
-89094
171309
-50487
385967
53465
-266521
279371
286421
-12708
-335288
340796
187643
246017
-167935
245552
181847
292975
61060
200297
-99795
-211124
-329421
-310178
31037
278991
24480
231311
-385715
-383201
-294794
-295457
206245
-300239
-412542
412344
197112
383042
44187
-293681
-466480
-241844
-247574
224712
-150688
336156
83132
-467471
-460039
58735
-142917
228347
-370459
475631
327881
388008
373897
-126950
-386396
-447781
419616
-384664
440096
333306
-4367
470922
-18109
115766
52790
233625
-209280
255901
486405
-478374
287030
-352236
-422176
239051
56463
-484193
-426752
-181166
241107
-180992
-118474
30551
-355511
-293045
-282631
-166710
-220468
55247
142405
481051
-19581
225767
363735
-152935
-127965
-153243
-161903
-276632
-55138
-411670
199507
-326669
-281504
-379048
279209
-132672
-6425
-312439
-481030
215552
-10249
494469
-107732
27006
-253545
431794
42637
369996
23535
471108
-275612
286989
80480
456177
-211826
25479
135732
-97972
-107648
486570
11792
-151715
-159217
164235
457059
274630
-51264
-49215
-97957
79366
120737
317843
-44626
-353471
387747
-452810
-225816
-417376
495691
-117912
-446260
290986
-236568
-302709
-227148
-330069
-164564
44678
-495590
370260
142891
221532
54495
-271605
-143241
329736
428894
-296756
-132806
146745
-357587
-111821
-143945
12932
-315746
-56192
-157393
-145029
31841
-397028
-322644
-88785
-34220
-263738
-165171
202549
-419718
-165464
-486577
300999
306234
-335671
488861
488405
-31828
-217290
387566
-31234
-118226
60043
47194
400410
265113
352306
413851
-352083
284742
-11015
-11062
318744
386768
-201719
183330
345864
173477
-21758
62575
-394841
-22391
240596
-126019
315201
459282
303522
434998
-242958
4653
-9818
-68012
-327109
440726
-98179
-70550
-444795
-402626
-122608
422029
-78633
-454567
226020
-424930
-415715
-81105
24380
394234
-124537
-410504
-392118
-59327
-245334
103678
-247213
-134550
-250930
-285294
-54220
-24577
-295152
-453179
-431862
262485
405421
413715
-216369
329065
213136
80132
412383
424996
24932
303321
97383
374363
-2406
-179849
-374034
-484360
-305524
-443996
355516
404406
-466874
-276746
310826
435192
-327984
149888
-330093
-272569
-235363
133013
35759
-409748
330503
347288
103517
-368169
-154857
-145043
75516
111207
34940
61977
451279
443995
277756
-456111
-374927
-131886
456507
25347
60585
151639
90446
438933
-319541
-117860
77680
-88380
-492189
315276
-77523
-268555
-472442
-19761
-107773
-167750
197246
240506
151442
100952
30286
-209296
-446004
-140302
198871
-366251
439790
204289
159556
427254
478405
490705
-108641
214101
329745
153060
454425
459326
-349464
209250
226723
3967
-234453
264618
356849
16201
143722
-440678
-316976
271112
-328109
-378316
-388572
122650
-397414
387679
221514
344799
-32503
225780
171564
-386264
194363
166758
-185339
-221322
-357298
-220357
303446
226434
-217516
-442137
361425
-416948
-220015
383739
-170765
-284261
326267
-375192
56227
499220
-353675
-317923
-299112
92877
-239320
358178
-472023
-461486
236311
242448
346018
333338
-139983
420352
315603
258696
-105097
206261
477193
152327
-160539
271430
496480
-499596
-101261
493128
306072
-304671
-301614
86259
-465867
-443759
124920
95346
353805
241417
-440669
122678
-338333
-4775
186160
247453
299084
266997
-493450
451158
367308
-384778
-338800
-494010
-444733
467591
-321960
205983
-201548
246018
299422
24639
-482041
-414631
-385052
-231861
150636
375708
328545
-440098
-325511
140045
122278
-459950
357863
-176967
244306
-7556
16656
410835
144796
222343
-349367
-71663
-288940
399300
448173
267074
412025
-247224
-201864
-14204
452163
-37931
128200
-304784
-143727
317481
100990
-110420
259102
246261
-57611
119818
57549
94715
450938
216588
498205
-363030
-457173
-133797
219338
-358769
23897
218436
-256086
-34012
-351696
362425
429066
81443
422785
445333
417456
-384427
-453704
-71773
207232
-490437
336517
-25485
-440111
-366027
-11923
248611
-400940
264819
31583
465882
118353
-352103
-81635
-120281
312610
-10037
242615
-482479
374511
-392922
-269095
384632
-342753
-366826
278341
43714
394012
-353919
-8593
-53209
286350
-196439
409348
-351832
-374056
-401483
-180777
-441340
-1786
140382
-145959
215036
31139
-51180
369194
133308
99001
-393832
-70786
190473
368271
256739
105062
136562
81692
-136134
181651
277295
-483387
339706
-194161
-412621
-375095
148218
-432857
-484521
-35596
-251769
496568
-475902
165509
291473
-6678
-28909
-158299
319478
-255126
284242
-451046
-186378
-207236
-493640
126632
-155795
14671
195502
-488825
237296
-57297
353496
-96040
132169
18514
-474427
-3972
37512
97813
464959
-195151
11218
259909
-211502
-437861
-113630
-247556
-137208
6767
45171
207060
-244823
383066
102915
98706
459712
422407
5678
-210582
-234307
-405295
468286
396843
74590
-43471
383199
158454
191109
-6188
-183687
-75738
-385014
-40341
472264
-95935
142404
341587
59721
-180351
-350614
257522
-183833
168002
-225810
-223803
-437884
388580
-158179
385129
46253
345751
-219127
88142
15857
-312983
-28508
-95581
400958
318248
-67078
-137596
236047
449093
-489917
-65637
459749
404859
-249115
-258761
-469282
-324368
-20597
272444
-122878
479005
-335175
311561
-442570
449746
-437980
-263588
151824
-62136
256814
370795
-173595
-204021
-312455
-394794
-283549
467537
434170
-424885
260370
-350645
-432782
287990
-117439
-204903
-368945
-276027
471248
250769
-100551
-399833
426490
-131089
386123
184837
-336130
-464887
218978
275288
-148997
158666
-106134
212018
326854
328531
-387686
-408209
-392063
16485
377290
163514
120820
421251
-227914
243425
-182988
290538
379625
-130228
-375931
-167654
-387006
-167675
265944
-367424
322672
-341733
-154080
-167134
-78008
-386421
-272969
190764
-70512
-212180
-332167
-456253
-234627
370254
-124650
-370741
359027
296540
-377512
174881
-374598
-452245
343751
-334121
150442
-482682
-329036
221776
489161
26407
-300217
-430655
324636
-235247
-111807
186194
362266
161225
379693
307435
240791
-52544
216824
-362806
-69908
-32289
-135293
287500
55476
109590
-300322
-321043
339185
-417380
-365318
-119279
-117979
155593
-149087
141838
321517
378611
-315654
171530
-2201
261966
76101
63017
134210
361659
-362763
-376396
-302917
-269960
301343
273161
37427
-269849
-257473
-396188
-362881
283631
221576
155530
283057
-275428
289867
-44444
-224912
65491
-171747
-106104
-163141
146690
227429
62888
243601
-163554
126521
-224293
306725
177139
18274
96819
-237604
131138
202091
366893
-200284
370302
20238
385221
433865
374298
47912
-375272
-319479
-44580
-75544
97737
20119
211406
-189158
265122
454002
-177192
37703
-312906
49183
-442304
368450
-49182
244489
-175889
443713
-221766
348033
119375
396124
116808
-405545
265478
328602
446669
-149905
390994
334621
499467
-444746
-277417
5584
77457
-225117
382841
-81774
-314262
292576
-443612
424119
246216
-472579
-417704
173677
248815
-320746
-241443
198655
313575
-84891
-96964
50017
286724
-401905
5426
442117
-325522
-470310
-374003
89510
430190
-72600
49443
-60698
-146274
391970
-413992
-200202
-363777
431805
-173033
445328
-110799
206963
107993
-362556
333801
31125
-88655
144319
-305872
-172918
446658
-236974
-261905
169833
190184
-446560
339828
-228923
-266448
-22077
399588
259852
-104302
407475
450343
-103655
-314571
-497032
304550
419301
367044
309094
150339
-427723
-422187
-490889
93235
-20140
173585
179953
257704
-47700
237649
-439748
212224
485398
477930
-202205
-337754
192269
58982
378399
67325
154551
-232295
-45288
81882
-287128
295540
-408678
493418
29856
334938
21708
-362248
-146321
134150
372818
107668
286146
131978
-45253
-60372
-483466
302874
135807
362503
420837
-117169
27391
-376936
-354097
217787
-311650
364769
298762
-421158
-174737
-470342
-356136
-77708
-487210
-222533
274223
-262368
287402
-28141
67380
322881
78154
370466
-137094
54166
-170254
-226297
205520
475266
345980
36629
-313688
322896
-164163
28907
384271
-75256
-120295
339715
-338624
-240144
49947
-232291
96617
354745
217805
-89492
-342085
103625
-342239
-26140
305525
47459
420815
257536
96567
124085
89769
-356804
-482497
-89577
-47605
-191163
209877
417835
-167450
-174827
474375
73005
304591
251114
-60813
-380789
-216937
-161226
-439047
306685
27475
482752
-310016
405792
-68860
104210
276225
-226983
73273
-252945
418366
-72681
405320
281810
365762
-146791
-384821
-237877
-228717
-463102
167176
-340506
462951
63209
-249007
-86202
253192
-46555
-110705
-19735
336751
308209
-248259
-171959
-358183
234227
-197922
151100
93603
-19533
-234565
-110810
125631
186444
-455499
-475336
-68834
-345642
136125
-479527
-114247
96732
304000
-304769
291517
382572
-251592
293205
94874
-92483
-219360
247
-488502
-152661
57538
181061
-444076
219096
-239290
168923
317831
-129393
-284688
-474166
453071
-253608
334924
-190737
-235300
37076
-48141
-468912
-62223
109239
46361
-325064
461408
433995
123523
350112
-477508
85162
-496689
-96584
187816
-238385
86969
84583
-495276
-296506
242182
-333236
245168
318218
309679
260326
-105931
-190211
-124366
-73518
140011
-386356
-123002
-403390
-435098
-20582
-188933
233838
448818
-384832
-194127
135354
-392631
-90758
74655
-232931
-38989
-120298
325461
46680
99336
-333713
26067
46863
448000
76170
34746
-322818
-228039
422316
-987
21539
-344054
-347989
97320
-342648
291518
-446782
152805
463316
369835
-352338
-116497
134556
130184
232092
70072
-132912
-353396
-87011
-280066
447959
248373
-105027
-114224
293103
-435119
229517
-343187
-188185
61337
208058
-17300
-155027
89086
92404
412925
-176479
412652
415395
-461435
-275626
-104514
156039
-91366
-137145
-472739
195883
459919
53909
257874
-402807
46957
-301215
166720
408528
487971
-90517
340564
-100396
-347064
-129732
459327
354854
-488498
253615
496295
-186070
-268599
-342556
127751
437362
372038
-288881
416765
496954
453328
-290372
86851
342962
-303567
378509
233401
83957
-469075
-353496
-365667
130262
-458013
108586
-83946
198165
-108400
198936
-293115
-150350
-110689
-38425
-432748
151170
-189016
-294200
-75526
-424963
268050
-235761
459690
-161750
-84846
33223
395434
-23790
50636
-31628
-85402
-417543
-287789
232679
-494978
-189334
199233
250072
368632
431428
-436630
-495699
160078
-36152
-498984
-458791
226985
-339209
253725
281838
212480
-83307
-423043
434477
350325
488061
-427155
-494319
33994
-230609
199262
153469
273250
250992
-434664
400310
465242
200261
-297378
-470858
-498092
-445782
361564
322642
-388614
-11337
-475583
-325900
488426
138133
-251341
497615
207220
-19181
159070
296112
129826
473921
-108032
-292539
-475679
-372494
61659
-157758
-110938
338603
-132867
251061
42888
472463
285968
-84985
-114153
-125953
-87082
-260217
360975
220468
-107859
-347966
-445065
-116170
-435044
-453790
63724
263962
409070
10428
-280518
371859
80586
-27828
-474713
-202858
-113291
147564
177184
-423340
-185091
452485
-133927
-103583
323415
339412
146817
5231
458238
360799
-461998
196153
-496449
127976
172843
220392
295100
233957
260389
38584
-469585
-360801
335750
385499
-105074
481295
279145
226823
-410263
262735
-134231
-179531
-105389
-104742
171922
-240138
-271155
135027
-492372
72984
-216917
-470242
-328111
178469
-313331
117049
233997
258821
-151956
-237324
232769
400913
59756
208156
155297
-324832
-304965
-391087
307818
177369
339434
-412555
-276508
-59126
-1014
-399605
-434633
-458026
-394715
-275993
-422438
167518
398407
-200562
-486376
-108614
-89920
247504
-371705
-84795
-307627
-238110
257365
-431210
-358641
-479522
230037
-63011
-249550
-483566
359180
82236
394765
103753
-462900
-34142
-204246
-123516
27925
336224
144332
-443581
392424
48148
-28752
-348941
107044
-494564
-255146
261706
346217
177319
349474
-428943
-414587
429523
51507
220249
-347826
231991
-204137
-2681
-396646
-342125
191882
2070
338952
472143
345759
-273088
176497
-476772
-224432
298742
-295425
97390
5365
464007
110128
-126925
76455
-232896
-168616
-378763
136699
-228203
-173328
337746
472923
105955
-30767
65209
-163220
-428188
78991
264081
-318960
-442871
-115445
226796
-28851
-492912
-227847
-306408
-434041
272332
-477032
-474930
-228072
-264436
366280
14029
-433340
237205
-416927
177915
160525
-29882
-416784
163259
19180
-306054
-150892
-285220
205188
-168340
389574
-485650
-86489
253958
380100
78825
373522
-168327
478914
-179226
-130714
141904
-96806
-177586
490159
-449375
-274375
-149354
365464
262561
8774
149813
-440279
-171361
333220
-411114
-490881
31915
-4905
-188951
-134777
34843
-350308
136218
-121502
163872
460010
100783
2107
-268195
-127441
-316073
225549
-145996
-12482
466159
-241981
301438
116290
193246
73008
51736
-473274
477481
-1491
348822
-435245
-341678
491251
-237616
310934
165668
-31175
-49692
-318664
81628
-409948
-429567
414467
-19629
-328082
62325
-300607
-459244
-489613
-174510
294913
-127346
232847
-342678
-134296
-24523
-48521
182286
-81555
256169
409734
403196
159565
-426006
-481806
436164
315850
-149293
-338591
-47324
460188
-112729
423978
-154567
-333036
-337963
431916
159005
385050
50365
334486
382004
261112
-398045
-437952
-215607
271875
-260338
387031
-398263
-68723
-497575
-11974
-482416
26871
-255099
-328940
75851
-190413
-472263
137526
366989
-188088
284939
-295238
-425127
-498168
238578
-316813
-254225
-206717
446116
-307001
446457
28632
-188068
-436260
-184703
424689
372151
-398297
-121443
130929
170696
432955
-96674
-12851
84472
333890
-10712
-212553
26949
-53468
63429
358434
61882
-457533
-65064
41788
92746
-452912
91944
234738
-41528
-135046
477494
486823
-37629
-342575
-431072
277194
88680
-384679
-296862
4012
419935
442212
-260490
-94079
-441579
218059
-166957
-394665
176249
-451756
302039
-285755
171154
-80334
317966
475470
288842
483423
419437
-274236
487850
-437326
-342018
-438096
-230929
-455345
-479836
-33109
-330288
457424
-361231
310577
130196
454758
-294799
77549
-17414
-363308
-74107
394793
-119641
118608
-172542
-67322
91965
28342
208443
-465020
214323
158605
-439988
497183
-472520
331188
333474
-243001
407949
139689
19585
387016
-54209
-370823
122615
-313345
-330760
-356003
-238341
-140979
70794
29073
-187704
-271956
449915
-394631
213639
202201
440037
-143187
308960
223411
471403
-436180
-137509
-246908
336247
197646
-299300
-57816
-30855
-249833
-236793
7845
-467099
-184728
-283308
496796
-90869
160933
184572
-446262
-267292
-264930
75866
-466979
180579
33721
458589
-207287
-172050
26633
-83802
-207593
18651
383184
349984
-320354
361551
-429267
-253969
394517
161111
-492237
-487801
-52033
-182191
-154140
-391159
-63388
492843
-372658
-153716
-454695
-378327
19536
402854
258419
182130
61988
-170918
251817
-24504
-120477
-453094
-30320
-437401
-388079
127121
-296151
-87849
390077
433961
88085
264730
48857
62621
295578
193420
-91548
363710
385307
350864
-121071
-251986
-318678
-67425
346737
-104380
288725
457572
-212724
-44612
-148872
70032
-185733
-186127
436562
199333
424510
37271
2341
81020
-474321
145587
234038
337403
445198
465143
-320222
-455868
9838
-76271
8226
467789
-41502
-197911
-92830
449689
-95246
-363888
-390738
232232
-198864
176007
282546
376830
-126360
-448088
-444453
306110
292867
-430223
260192
-81800
427306
367080
70627
-332840
384563
494773
91845
-18822
-311993
-139917
-390610
-101072
359109
-135831
149800
-155465
379899
499341
-278778
-467135
495240
132390
-395441
99429
-418686
193825
347814
-317055
354494
17171
-320314
-146353
23925
-371837
-96750
476751
-398570
370586
-43459
-172012
-25955
-126309
-265969
36903
-482747
15473
451527
223719
-18859
216861
-193288
16748
-382965
-386335
438516
489984
28776
396394
-279214
-55781
30653
-117585
239108
370085
-126898
-309415
394481
-122237
-442370
-274554
453385
-144466
-395934
-453816
21137
128256
-443998
95006
353811
-73202
-285498
-309757
143789
50794
75407
-348635
414934
209624
212242
-83655
-54348
160279
-105475
-463885
201544
-74137
-439578
-13394
104120
74705
373022
-174265
87955
-232314
481114
340878
-194010
40043
278183
481786
-468946
-425879
-92516
-445451
-228496
40643
-3647
-135845
-130227
-61204
-380430
-263671
384916
-250952
-210626
123752
-126341
127795
348906
307463
279223
-180875
6155
41082
-486829
-63442
387089
-146241
-27298
276443
409542
127068
-325618
364686
-16522
-8185
404928
9769
28635
52558
-209269
237619
67170
440900
469936
-382392
196712
-277083
-385511
154026
78422
-258142
-105852
113696
-315075
-435911
-399420
387864
-55351
314443
56755
245353
91903
-163426
-374561
-376008
486180
-205480
-399788
428576
-100545
43683
13532
-343757
-213071
-157506
-71540
-446180
-145530
-249480
94231
426870
315096
-135578
-59413
166333
-412753
380050
-238345
36271
-170873
337173
-402453
-225005
-373664
-197284
-239825
-398115
354005
-320929
169604
293508
220104
-214051
-331781
95185
-236889
-142603
262158
-132084
-374853
-379968
-196962
-464329
-249266
174199
-32389
-405717
-228286
486689
-480922
170744
230451
-78220
-259082
-119490
466315
386827
-377366
-479585
444498
-150729
-153494
456143
-458355
-306190
-124566
415697
319282
-368271
474180
284102
-386014
-351297
-190206
409646
-147775
-216874
-128293
-121772
358265
363879
328026
189904
-434942
-295336
91698
-219429
460893
151386
-191254
-128313
308751
-190198
200499
202298
-339440
242488
-307285
300108
-44777
-82582
46677
82163
-462863
214794
-229085
-259249
-239034
354497
-63184
66395
-41151
-306629
-352528
-412624
437793
459774
-183751
163972
347856
142240
100109
-34289
215818
429698
-197604
81131
174423
-187303
310782
362177
433834
-301823
168347
489059
339815
164801
189134
-343487
442269
291456
124374
-271349
358081
328516
261456
187141
-146153
-150416
-5007
-293758
496891
420838
-152210
-271748
427124
255825
-360735
-15760
287567
-214637
499829
-492553
118063
65481
211976
320531
64472
470679
-77707
-357102
84781
175459
-386649
160599
443920
-485995
-149607
-371110
-319350
426061
224959
-163765
-97246
-153548
-393902
-251314
-279113
76353
-220516
474765
-133263
-113638
305808
-456408
-442191
344542
461973
-127298
-31047
137074
-57876
-282846
-250108
454758
-409713
-162305
388321
355575
-187652
103371
359795
-118344
472325
-247261
428421
108404
16388
-422153
166521
-265765
287767
366496
-253237
-218764
-3278
40773
326837
470286
91913
63673
-105335
358544
343047
-149333
271148
382877
289333
119332
77903
-460242
334330
337747
-131044
-449732
174947
-308925
298270
8297
-59156
275883
149065
190683
390214
-447035
286220
-80073
258909
441990
109700
-386667
392072
-174865
-115259
-73209
-399042
-358193
403675
207087
282293
202958
-205384
303586
-286414
-169058
-66211
158225
-405094
439699
-158767
-7761
-153735
210104
-356417
-161352
-110657
86549
173098
-368502
-356658
423430
38645
55965
246970
-256039
52202
-112118
82007
238786
223585
-393114
18660
328162
146398
-345662
-71119
338990
489857
-174733
421043
106803
483959
-66936
437859
102835
-260415
66288
-170873
-492416
480458
468865
261904
-495179
280529
318115
-137093
-46188
-301875
449479
-198593
-487493
-222610
382465
-384347
230790
247851
-160753
461792
-389599
394544
315506
-378497
136919
-6009
162567
-456969
329267
415437
70457
410041
423444
-27901
-196478
-266311
-90221
-126264
-466668
-254498
276737
-320201
138068
432200
479410
-18584
393204
-101741
-152966
150892
65242
367998
371493
388960
-461575
-453733
-422483
-27089
-246269
245168
465309
-437213
-79829
154098
337668
-341775
-329740
381282
-323831
-184915
74762
-72764
-385219
28896
206180
-435930
-25662
-228775
-253872
-310727
267541
-474575
468668
-401432
-438242
309866
299831
279696
-404393
-400478
52942
267435
85440
260957
-129913
319885
-270958
-398896
-138094
-322943
16446
396752
431130
444985
-408428
-180361
289619
212107
-426631
-498983
234393
349334
-58482
-409999
335012
-428753
-180793
-448420
302852
243071
244342
-377000
462229
-393440
-189440
301382
-76018
-432396
380706
-29261
274041
-60545
-71983
-206820
332706
67567
443936
286952
314693
-424378
-233316
-406947
25768
-433031
130818
292485
-431368
-8252
215723
-222107
398901
47128
479623
-393935
471484
416619
-394161
-37996
-351771
-125890
-40734
350523
499730
279282
53579
-102012
127289
273273
163497
194638
-344565
46911
381410
437065
-398898
398624
-385937
-259278
412479
-74956
242416
-116013
88658
-405401
426693
418140
-59311
142836
328575
31696
235273
-302046
-156125
292914
-325752
-204001
-208511
410896
406183
477410
-111729
453535
-459170
470065
254477
-460326
-57198
-441288
-359274
-116808
417832
116650
44967
208345
273041
432750
-103256
-21477
-367858
-94638
-473957
84677
-182892
394418
205355
125087
-430196
24001
-343906
174631
-119829
-490159
-455726
-10315
-287954
-350254
155463
-76204
-26685
-40355
135245
439683
-335983
-436080
-91014
-5332
254191
355924
153515
249537
-7316
133065
483337
4921
28750
-119442
335288
4608
-59729
-371082
-111898
-238157
-494510
342519
-262879
-137509
329657
109978
-40547
-221934
243600
-498123
151122
81955
228133
337327
-4639
103782
-13558
258075
-70101
479709
185928
447328
-478760
-239426
-178278
-449766
225118
225093
115912
353892
314920
312018
-140186
67036
-106370
-367110
130872
102944
69879
356244
-128392
113940
-424978
-135602
-95211
-348239
325610
-24436
-422701
235311
-305462
-303072
374486
-204171
-455941
428363
-472482
439161
395254
-228126
-151894
215880
461016
-381603
-231775
122150
-346580
-18488
-163240
-132233
91389
126635
-269247
42491
80871
-95302
175814
187811
17233
-159155
38414
-61570
168428
451603
252189
-163670
-162516
468023
171092
-360056
-25827
127658
404072
-48068
-91738
464881
179193
-228666
-489484
-423157
-190529
139296
-247317
171499
-111607
392339
333970
314504
430001
-336939
-230935
183328
286568
175457
91524
-190159
-173679
-429528
116440
246695
34329
-32891
27517
328202
-88398
-284519
-93713
212957
290550
-169694
-295052
193392
-40525
-93089
79369
-163533
294307
-83507
445085
380093
432820
-346630
-403379
451507
394640
-235804
239332
-403406
449837
227559
-177062
-186647
469521
-127846
137203
267966
-46220
22638
232834
-361399
-74532
-355422
364352
79856
-97221
423291
-183177
-370047
-280828
56195
-325447
-6971
46153
-335829
-182544
20572
92586
-365250
-310477
-111160
103602
398353
-326077
-76794
-37156
-391418
230515
255784
413712
-51521
304108
19197
158431
316986
-104420
-422720
368156
463220
103024
372572
-56967
230967
386381
330826
198014
451752
286511
404331
-481579
182071
338518
-241267
-71392
418854
459127
312125
447833
-353061
-340788
-179475
-430743
-426671
-464873
470453
191223
185237
-373715
-12779
-145627
-167631
391423
-403449
193785
378644
252353
-212376
102282
-405448
-118530
-282881
219182
-131494
-331887
266777
8200
4097
88928
221048
-131133
339855
-471376
-233247
437744
-320943
-49928
-466688
478891
-450558
-303462
-310084
-462585
126080
-376217
195142
-164347
-254588
-293872
154835
-271575
314441
238101
385711
401924
76315
-237946
-295014
400310
131938
-107809
170398
-5369
-162913
276760
480403
370708
-304637
42642
10862
105731
-350343
200423
-487553
427712
-261829
-346967
322042
307660
-74149
-352662
51824
-478779
-451978
-264376
111245
434680
210233
-427341
90044
419678
176843
164122
-15506
481605
250548
-496592
484433
-101389
-103932
-113591
55263
411261
-106578
-422358
346897
-222629
119703
-83876
-459201
312110
152972
395696
-393435
370495
267903
-267957
81127
-402555
49993
437410
-93520
170077
293676
-35874
65967
187539
69356
49229
244496
-174433
-154601
495155
-495351
-133803
333301
255106
18524
-262607
287790
356873
224228
253064
-161739
-104903
386300
-169160
54005
49514
430945
83148
352875
-154439
99818
326547
51491
163650
-79823
-265078
-175129
324873
224597
-425925
94284
433244
470043
198428
394422
-461446
403918
264907
-415624
-401175
203834
-75188
361704
167710
-421783
-408660
-85164
-290308
-43608
248638
-293762
454725
319755
167614
317320
-255955
-70379
324462
5724
-109934
192763
-220258
126637
-324043
172280
-230998
-147987
-245861
-200832
280395
-314974
368092
-330784
450351
111847
18097
420098
195303
358786
-80927
75167
115650
-369938
357498
413315
-142480
389959
344401
378349
-201427
222873
282717
-223292
136007
-444349
-280151
28911
198087
58940
-359963
-461976
74916
-142285
166215
317479
469870
-224184
-12703
-119002
9985
-284579
304360
38903
121786
-70513
-401959
168016
-21552
383762
59418
-273615
-45169
-375369
98026
269486
488873
-429922
-56895
-8878
240963
423253
-11952
-139935
-32663
471621
193010
-247339
-420783
-120634
-443062
-408102
446316
-293241
397806
395071
121493
297354
-61311
305036
312751
-137573
487244
134127
109470
-438296
317575
-314827
181631
-369470
215883
130647
-86010
135718
-464804
28858
211550
-244089
-480578
135134
18372
-423081
-396666
26374
428627
268571
372566
-301103
-362962
166743
-123444
-277623
-124821
-277216
27333
236778
-89151
-497763
-111563
64512
-350417
415760
-239323
476684
-129417
147360
105331
-299870
153716
-191472
-489627
81026
-390060
-308399
101589
-68738
114376
-378331
28053
475274
359480
-186492
-89869
-11976
195098
328588
428291
168745
402926
196847
-447727
30593
264773
18956
262653
102806
27195
397000
733
-460081
-360527
-145017
497619
-188367
-52390
5281
79701
7315
-136123
-406814
25284
430685
-100340
-291180
55881
83115
-151271
-105694
-414264
-161937
338745
93667
-75563
-405491
430716
394025
230017
463877
439290
288795
-356289
92751
-328827
-242855
-297400
-447171
-165358
-201384
-177344
-160119
460020
187874
372235
-84894
-210841
121706
-385143
395104
241363
118902
-409862
450800
-256097
3383
-176924
211017
-72882
51885
-395644
-17035
427319
419777
468201
-100201
315105
-227974
409284
184484
-27660
-358922
326533
79548
-421990
409393
159192
-366076
-268709
-28410
189286
-39077
-360404
69636
24682
285485
-269971
14269
-151770
84212
-495397
6754
-379009
-111744
-47301
-442608
61376
-132956
-141273
-439425
387034
139882
-101469
431004
2613
-127171
-494920
331592
-455896
-390146
102070
-69176
-50815
-39856
453547
315843
-486884
-282492
-441736
-342766
210938
-276817
-270554
-27558
-80667
299968
243785
-132961
-444756
-116555
217881
446461
-436557
-444872
176035
-314366
-368532
-457192
110222
419807
-12073
394847
-298809
-222762
148947
458150
-230903
312726
-482404
493539
-47268
320851
-187663
-252321
78295
-191370
-96771
-432728
-328145
389607
268241
-310903
-405965
-75128
-52804
-331437
-168846
81140
-432930
-480187
63923
102145
-260013
