100 1214 0
200 2794 0
300 4588 0
400 5964 1
500 7072 0
600 9102 1
700 10813 0
800 13917 1
900 14661 0
1000 16377 0
1100 19206 1
1200 19719 0
1300 18467 1
1400 19064 1
1500 20402 0
1600 21723 1
1700 21097 1
1800 24492 1
1900 28012 1
2000 30653 0
2100 32271 1
2200 33841 1
2300 36609 1
2400 38137 1
2500 39701 1
2600 41358 1
2700 43000 1
2800 44619 1
2900 47527 1
3000 50622 1
3100 53862 1
3200 55632 1
3300 57423 1
3400 59189 1
3500 62562 0
3600 64256 1
3700 66174 1
3800 68095 2
3900 69983 1
4000 71808 2
4100 73643 2
4200 75392 1
4300 77738 2
4400 81412 2
4500 86419 2
4600 85217 2
4700 86984 2
4800 88791 2
4900 90681 2
5000 92708 2
5100 91577 2
5200 93584 2
5300 95340 2
5400 97283 3
5500 99055 3
5600 100930 3
5700 102567 3
5800 104316 2
5900 106298 2
6000 108145 2
6100 110173 2
6200 113291 3
6300 115108 2
6400 116916 2
6500 117329 2
6600 120472 3
6700 122451 2
6800 124182 2
6900 126023 2
7000 127971 3
7100 129837 2
7200 131522 3
7300 133383 2
7400 135132 2
7500 136976 3
7600 138963 3
7700 140764 3
7800 142484 3
7900 144278 3
8000 149679 3
8100 155892 3
8200 157895 4
8300 159928 3
8400 161890 4
8500 163791 4
8600 157010 2
8700 158893 3
8800 160828 3
8900 166590 4
9000 168613 3
9100 175188 4
9200 177056 4
9300 183140 3
9400 185025 3
9500 187035 4
9600 188879 4
9700 190920 4
9800 192731 4
9900 194655 4
10000 196747 4
