100 230
200 512
300 831
400 1083
500 1319
600 1663
700 1983
800 2435
900 2649
1000 2944
1100 3348
1200 3533
1300 3430
1400 3590
1500 3847
1600 4103
1700 4076
1800 4616
1900 5145
2000 5545
2100 5822
2200 6233
2300 6647
2400 6936
2500 7225
2600 7514
2700 7804
2800 8093
2900 8538
3000 8987
3100 9438
3200 9742
3300 10046
3400 10351
3500 10818
3600 11127
3700 11436
3800 11745
3900 12055
4000 12364
4100 12673
4200 12982
4300 13482
4400 13983
4500 14484
4600 14619
4700 14936
4800 15254
4900 15572
5000 15890
5100 15764
5200 16073
5300 16382
5400 16691
5500 17000
5600 17309
5700 17618
5800 17928
5900 18237
6000 18546
6100 18855
6200 19440
6300 19753
6400 20067
6500 20091
6600 20694
6700 21007
6800 21321
6900 21634
7000 21948
7100 22262
7200 22575
7300 22889
7400 23202
7500 23516
7600 23829
7700 24143
7800 24456
7900 24770
8000 25424
8100 26072
8200 26394
8300 26716
8400 27038
8500 27360
8600 26965
8700 27278
8800 27592
8900 28284
9000 28602
9100 29291
9200 29613
9300 30300
9400 30626
9500 30951
9600 31277
9700 31603
9800 31929
9900 32255
10000 32580
